20
0.0 53.712196008 182.156526098 183.133830845 93.6375992858 156.012819986 297.321374946 217.974769182 448.377073455 334.856685763 217.340746295 244.806045677 334.252898267 171.510932596 328.68982339 264.833910215 213.714763177 358.733884655 228.805594337 332.380805703 
53.712196008 0.0 189.78935692 199.010049997 104.484448604 206.400096899 350.697875671 230.534162327 496.702124014 359.747133415 243.877018187 263.068432162 329.887859734 224.875521122 375.598189559 251.920622419 236.349317748 363.368958498 223.61797781 341.31510368 
182.156526098 189.78935692 0.0 30.083217913 275.61748856 283.296664294 367.375829363 399.47215172 399.425837922 507.158752266 391.20327197 81.5414005276 514.822299439 233.702802722 281.328988908 440.585973449 390.805578261 176.615401367 63.6003144646 151.855194182 
183.133830845 199.010049997 30.083217913 0.0 276.524863258 268.018656067 342.756473316 397.211530548 369.529430492 498.627115187 384.178344002 64.1248781675 517.386702574 211.702621618 251.246890528 446.211833102 385.253163517 179.777640434 89.2748564827 150.376194925 
93.6375992858 104.484448604 275.61748856 276.524863258 0.0 153.218797802 307.375991255 127.283148924 503.716189932 255.783111249 141.439032802 337.440365102 241.124449196 211.37644145 390.636659826 176.343414961 132.400906341 452.232241221 319.699859243 426.010563249 
156.012819986 206.400096899 283.296664294 268.018656067 153.218797802 0.0 154.20765221 194.054116164 370.04053832 244.934685171 148.084435374 311.001607713 332.453004198 88.5663593019 270.667692937 298.296832031 159.38004894 443.09141269 344.075573094 409.351926831 
297.321374946 350.697875671 367.375829363 342.756473316 307.375991255 154.20765221 0.0 324.359368602 263.047524223 315.063485666 264.357712201 361.023544939 456.207189772 138.014491993 207.588535329 439.400728265 281.68422036 490.316224492 430.831753704 453.348651702 
217.974769182 230.534162327 399.47215172 397.211530548 127.283148924 194.054116164 324.359368602 0.0 563.323175451 141.209064865 63.8905313799 455.202152895 138.462991445 279.078841907 463.939651248 119.205704561 44.598206242 575.57015211 446.256652611 547.578304903 
448.377073455 496.702124014 399.425837922 369.529430492 503.716189932 370.04053832 263.047524223 563.323175451 0.0 576.833598189 510.816013845 340.270480647 701.0884395 292.933439539 122.6743657 666.925033268 525.376055792 422.573070604 447.341033217 389.760182676 
334.856685763 359.747133415 507.158752266 498.627115187 255.783111249 244.934685171 315.063485666 141.209064865 576.833598189 0.0 117.515956363 549.39694211 189.335680737 331.1027031 499.859980395 230.325856126 123.422040171 678.083328213 561.014260068 646.505993785 
217.340746295 243.877018187 391.20327197 384.178344002 141.439032802 148.084435374 264.357712201 63.8905313799 510.816013845 117.515956363 0.0 437.475713612 192.234232123 236.476214449 417.748728304 183.095603443 19.4164878389 563.951239027 443.969593553 533.385414124 
244.806045677 263.068432162 81.5414005276 64.1248781675 337.440365102 311.001607713 361.023544939 455.202152895 340.270480647 549.39694211 437.475713612 0.0 578.564603134 241.913207577 230.9567059 509.039291214 440.168149688 133.206606443 109.077953776 98.412397593 
334.252898267 329.887859734 514.822299439 517.386702574 241.124449196 332.453004198 456.207189772 138.462991445 701.0884395 189.335680737 192.234232123 578.564603134 0.0 417.335596373 602.358697123 87.7838253894 176.173210222 691.046308144 553.473576605 666.178654717 
171.510932596 224.875521122 233.702802722 211.702621618 211.37644145 88.5663593019 138.014491993 279.078841907 292.933439539 331.1027031 236.476214449 241.913207577 417.335596373 0.0 185.36720314 375.421096903 247.002024283 375.022665982 297.254100056 339.412728105 
328.68982339 375.598189559 281.328988908 251.246890528 390.636659826 270.667692937 207.588535329 463.939651248 122.6743657 499.859980395 417.748728304 230.9567059 602.358697123 185.36720314 0.0 559.86605541 429.959300399 334.07334524 333.546098763 298.117426529 
264.833910215 251.920622419 440.585973449 446.211833102 176.343414961 298.296832031 439.400728265 119.205704561 666.925033268 230.325856126 183.095603443 509.039291214 87.7838253894 375.421096903 559.86605541 0.0 163.783393542 615.260107597 474.713597867 592.439026398 
213.714763177 236.349317748 390.805578261 385.253163517 132.400906341 159.38004894 281.68422036 44.598206242 525.376055792 123.422040171 19.4164878389 440.168149688 176.173210222 247.002024283 429.959300399 163.783393542 0.0 564.924773753 441.861969398 535.123350266 
358.733884655 363.368958498 176.615401367 179.777640434 452.232241221 443.09141269 490.316224492 575.57015211 422.573070604 678.083328213 563.951239027 133.206606443 691.046308144 375.022665982 334.07334524 615.260107597 564.924773753 0.0 145.168867186 37.1618083521 
228.805594337 223.61797781 63.6003144646 89.2748564827 319.699859243 344.075573094 430.831753704 446.256652611 447.341033217 561.014260068 443.969593553 109.077953776 553.473576605 297.254100056 333.546098763 474.713597867 441.861969398 145.168867186 0.0 132.77424449 
332.380805703 341.31510368 151.855194182 150.376194925 426.010563249 409.351926831 453.348651702 547.578304903 389.760182676 646.505993785 533.385414124 98.412397593 666.178654717 339.412728105 298.117426529 592.439026398 535.123350266 37.1618083521 132.77424449 0.0 
