10000 1000
32 38
19 32
86 6
85 2
71 24
80 41
84 30
63 32
2 46
86 6
80 25
4 9
48 24
3 33
70 34
48 8
61 14
39 47
87 33
68 28
3 41
11 15
98 38
22 28
98 34
82 28
72 2
61 31
35 49
88 46
43 28
13 19
31 33
34 12
20 20
53 40
74 38
28 5
85 45
14 26
74 25
70 11
57 15
1 23
97 19
91 33
67 31
41 34
79 39
3 17
64 35
2 34
100 1
22 43
42 9
82 12
96 18
41 13
12 14
55 16
56 26
93 6
96 6
5 2
57 26
72 14
35 2
30 35
77 42
92 9
9 40
73 18
1 26
25 29
91 37
93 16
77 32
59 16
72 17
26 21
38 32
41 24
51 27
30 27
35 47
6 45
19 37
97 41
55 33
39 44
99 25
57 38
43 10
32 9
6 26
13 20
19 38
4 16
45 45
63 35
91 7
15 5
45 3
42 41
46 47
77 36
4 31
63 13
26 16
50 29
96 17
91 8
4 1
10 39
33 27
82 44
74 6
31 20
22 2
70 15
40 31
48 31
41 39
38 48
99 39
92 32
70 22
69 49
33 34
19 32
97 45
20 49
98 11
16 43
58 17
75 24
50 41
97 34
75 18
83 5
89 7
9 17
24 46
93 48
17 23
28 3
13 15
54 50
54 23
92 33
48 2
41 28
13 30
5 47
71 8
19 39
66 22
34 10
5 28
99 30
94 46
9 32
40 34
41 8
89 50
1 33
86 40
40 8
4 1
17 45
26 18
25 6
45 4
53 41
20 25
27 17
71 20
32 25
29 6
45 15
20 42
65 3
41 25
65 26
61 21
77 4
21 46
95 6
100 17
19 8
14 39
46 28
51 28
5 46
96 7
78 16
68 7
37 21
69 29
3 3
35 6
80 26
53 40
66 29
87 50
80 3
97 46
29 34
55 26
47 2
52 48
29 14
87 25
1 7
16 32
24 41
96 15
52 11
53 26
34 45
54 40
91 46
8 2
71 22
92 44
74 7
33 33
23 27
10 30
7 16
50 7
62 44
85 49
96 46
23 16
47 14
34 8
63 18
55 17
72 13
77 42
78 5
73 31
33 11
99 47
23 13
80 33
42 29
43 8
7 8
3 24
91 46
90 35
36 48
74 25
75 11
90 26
91 42
98 24
27 15
19 46
26 20
79 29
91 45
52 15
49 2
66 44
95 38
31 48
96 21
15 13
2 47
81 23
18 7
96 19
24 1
15 47
84 34
100 44
29 23
77 28
89 25
13 42
87 20
97 35
40 44
93 35
22 49
29 38
96 50
20 32
39 34
60 45
2 39
62 16
89 23
1 22
13 49
51 27
43 14
87 24
68 6
17 43
79 19
33 48
70 31
38 36
42 3
100 50
77 10
69 46
96 24
94 26
76 41
5 7
26 45
68 20
6 39
21 29
53 27
90 6
19 33
49 10
46 13
24 32
98 46
26 16
75 13
78 44
29 30
90 32
21 6
43 20
62 50
3 32
74 24
94 7
84 11
68 9
72 41
1 5
3 3
17 12
21 25
57 15
51 10
29 17
32 40
81 32
60 29
7 1
51 47
34 3
33 36
27 29
93 9
97 2
35 14
88 29
32 21
23 33
64 17
96 14
31 12
64 8
47 16
34 39
72 46
90 4
25 49
52 30
36 47
84 49
92 10
55 22
96 28
24 19
87 7
12 14
19 1
17 16
58 18
19 26
37 45
40 10
67 39
98 14
91 45
30 34
99 37
35 19
1 8
50 7
20 5
94 14
72 12
34 33
10 45
95 14
42 25
91 47
95 38
77 20
67 15
59 17
25 6
4 6
52 43
48 13
99 30
80 14
63 37
36 9
32 9
88 37
31 40
50 23
18 41
10 32
56 25
9 2
14 33
73 39
24 9
14 33
100 17
90 50
33 35
73 30
40 23
62 43
90 28
21 10
63 21
82 45
81 4
58 39
52 31
76 28
76 12
98 7
8 47
58 31
26 35
20 38
71 50
39 44
57 45
63 2
38 31
80 33
3 29
49 32
39 25
70 37
91 18
79 29
70 25
39 8
68 3
4 11
86 40
14 25
35 36
56 13
60 27
44 8
32 33
1 40
59 16
97 13
88 28
5 4
83 5
8 25
88 18
72 23
95 2
27 31
31 8
15 17
24 45
80 44
2 24
65 23
15 46
14 25
82 2
86 48
89 6
69 47
54 21
66 7
97 4
14 48
100 29
74 37
25 24
69 5
17 29
4 43
23 37
41 50
65 11
69 43
41 24
45 44
84 42
71 34
98 44
40 34
80 7
98 9
30 33
51 8
4 44
60 44
19 47
99 22
64 19
94 21
15 19
67 24
33 46
24 34
87 11
70 12
55 43
93 36
88 13
12 20
98 6
19 4
81 2
48 22
9 32
13 20
65 21
44 27
83 50
35 31
58 4
47 8
43 49
45 21
37 9
19 14
99 25
46 46
74 34
60 2
26 46
39 19
6 42
23 18
27 29
68 22
79 28
58 31
3 25
31 9
93 11
68 21
10 33
49 13
77 39
100 47
54 50
56 49
25 18
5 10
60 5
9 31
11 29
26 33
5 21
33 23
98 44
41 24
54 7
1 43
38 50
5 32
10 25
64 17
50 12
15 20
10 17
78 45
4 46
83 34
88 27
18 43
57 13
37 29
43 11
34 45
66 42
3 33
13 8
49 16
60 48
33 19
42 7
32 33
59 7
66 45
3 35
66 2
75 7
17 8
69 41
51 46
72 7
5 35
76 27
95 49
7 18
4 15
51 14
41 8
52 48
87 8
42 35
85 7
59 26
56 40
18 20
79 33
26 45
86 48
56 8
88 42
63 25
49 45
64 11
34 43
42 6
43 48
58 44
15 15
93 14
14 33
31 15
27 37
91 26
30 32
11 30
77 7
9 38
100 46
85 42
82 36
100 30
77 8
82 48
43 21
89 38
83 7
34 39
1 49
5 33
47 41
93 49
100 20
13 41
63 22
21 9
43 36
94 13
99 3
2 6
78 38
68 34
97 47
24 37
85 37
72 3
86 43
31 28
96 29
45 2
3 37
27 37
25 38
75 3
89 10
1 42
37 33
71 48
76 4
88 24
40 36
63 27
65 27
16 39
99 22
62 19
70 11
21 45
99 27
98 21
15 3
98 22
88 47
16 3
80 27
10 15
16 15
42 46
16 3
3 38
12 42
96 25
56 48
15 32
51 24
23 19
24 22
91 8
58 41
86 35
16 33
62 47
45 27
22 40
4 10
89 41
5 45
63 21
5 38
71 11
28 9
21 37
61 43
82 9
13 6
7 43
20 1
15 4
43 2
34 44
53 21
2 4
89 35
36 16
66 14
72 15
5 28
23 21
3 5
78 29
40 25
14 3
47 25
1 31
58 34
47 5
31 6
49 16
19 50
92 47
72 15
6 37
42 39
24 25
45 2
96 45
26 44
83 4
11 3
83 46
49 1
45 32
22 30
58 44
25 28
61 15
73 24
79 13
10 11
100 24
27 1
46 3
97 32
57 41
6 37
99 43
88 9
93 43
75 11
17 35
64 1
72 3
70 41
65 48
75 44
98 32
55 21
11 2
39 14
41 38
24 31
36 9
35 8
40 35
52 50
53 25
89 36
77 3
11 8
18 11
95 48
3 37
17 5
56 26
97 40
89 40
80 34
43 21
5 11
53 4
19 32
55 49
48 39
50 29
19 5
35 24
19 29
17 9
3 13
54 44
26 18
7 50
51 49
32 44
50 20
50 37
100 5
62 44
52 27
67 37
31 37
92 26
73 28
72 46
33 31
95 49
9 34
38 43
74 45
29 43
62 35
64 24
44 11
18 10
24 27
47 10
10 26
67 38
15 1
50 8
74 8
71 2
89 19
33 33
20 18
1 31
34 5
85 35
13 25
3 23
77 17
61 25
45 26
30 40
92 20
30 13
24 28
34 31
47 33
11 31
56 27
67 23
40 23
94 36
64 28
35 27
87 7
43 14
77 47
73 17
45 46
77 25
41 24
60 32
79 22
43 50
61 22
84 12
80 27
60 2
60 28
83 36
82 49
63 19
24 50
52 50
54 40
98 42
21 40
94 6
9 3
36 18
2 50
40 29
79 50
58 31
2 8
13 33
8 10
28 19
59 11
23 47
78 45
19 3
77 47
2 3
27 32
23 46
26 48
90 46
23 38
50 18
80 29
7 36
57 22
44 9
47 33
28 21
2 24
1 27
87 39
77 12
37 44
86 4
67 21
54 12
22 48
6 5
17 9
53 18
1 43
2 22
95 41
5 16
24 20
19 49
84 11
28 24
66 5
17 43
39 43
28 40
81 17
89 20
25 32
59 46
1 9
64 23
75 27
9 1
16 24
51 2
93 49
34 4
76 2
2 37
28 14
77 6
77 3
39 12
32 50
62 35
3 41
14 13
85 29
38 35
37 11
13 38
13 44
78 20
22 13
56 42
60 47
18 5
12 10
96 5
5 25
100 22
12 8
10 43
74 41
13 50
61 3
94 4
98 13
71 48
5 44
35 2
26 41
75 6
13 1
34 16
58 35
47 49
8 23
86 9
78 43
70 34
95 6
43 41
2 39
77 23
98 13
53 2
32 50
80 23
71 25
13 41
87 32
11 15
23 41
59 12
89 6
56 42
13 30
62 12
90 30
26 3
71 40
60 46
20 16
94 35
7 18
30 9
9 32
1 31
76 19
93 4
85 31
96 37
3 32
93 6
54 23
72 8
88 45
51 40
67 22
77 25
2 9
52 20
5 10
86 22
32 24
38 31
52 4
81 15
7 10
24 14
75 43
94 50
73 47
41 4
26 15
97 43
14 13
20 22
93 5
36 40
31 23
69 30
52 3
40 41
59 28
29 43
78 46
72 43
50 17
13 32
21 46
20 6
3 25
43 9
48 1
58 15
40 17
58 32
58 35
11 37
42 44
1 46
27 27
67 38
64 41
91 34
82 33
56 37
81 50
30 23
55 30
61 21
33 6
14 44
82 20
18 33
78 47
14 35
6 27
66 42
5 28
39 21
29 45
48 46
65 32
52 29
75 1
91 48
73 33
12 37
24 43
3 42
57 37
29 9
86 27
1 33
24 49
14 50
46 9
87 37
37 45
32 20
69 7
65 39
52 49
94 17
93 22
99 7
100 14
82 34
75 6
90 14
13 20
13 44
48 43
31 20
93 5
67 42
39 8
9 40
44 12
26 16
42 29
97 12
66 36
85 22
34 43
78 47
43 50
65 33
57 37
69 40
70 31
98 21
13 30
7 3
81 4
44 21
23 7
28 22
35 39
81 12
88 41
75 11
59 30
25 15
12 8
33 12
54 2
79 40
47 30
12 5
8 35
28 35
26 27
54 31
54 28
77 3
14 21
81 39
37 46
67 27
48 49
35 47
60 19
13 12
15 3
3 34
17 2
16 11
13 49
71 46
14 4
33 34
49 43
5 25
14 8
74 49
67 36
43 47
16 5
95 18
66 4
50 39
39 16
62 32
30 9
100 12
32 39
3 33
19 1
62 36
43 1
99 30
72 36
84 1
72 17
46 35
66 36
45 17
14 26
59 42
97 13
83 34
78 20
43 40
43 26
13 34
17 17
58 24
32 9
57 24
20 15
35 32
59 21
94 24
19 29
96 49
56 48
13 4
3 11
22 30
48 12
17 26
55 12
86 6
17 37
34 27
15 46
42 23
8 39
95 10
76 17
34 35
99 39
32 34
66 49
75 37
54 31
51 20
66 3
56 16
12 15
25 24
8 8
34 25
3 43
33 33
11 13
67 26
86 26
25 37
11 12
89 37
21 35
48 42
17 45
31 12
25 12
71 39
36 1
47 29
17 34
72 18
39 41
41 3
86 50
9 6
88 22
16 23
17 43
36 37
52 2
94 22
84 4
86 45
59 24
39 12
45 10
17 26
4 35
73 16
22 38
82 2
3 11
14 5
72 4
21 37
32 9
80 2
49 30
36 13
29 42
92 11
81 50
14 14
85 27
96 34
37 2
7 41
81 35
87 34
56 47
88 24
63 21
50 12
22 43
21 7
93 28
22 2
44 7
57 29
81 5
32 20
3 13
11 28
14 1
40 32
41 33
74 1
37 25
67 1
61 7
25 36
57 31
2 21
24 35
68 18
58 48
18 42
32 33
38 19
3 41
80 27
37 41
5 7
86 12
64 34
35 4
69 35
37 41
5 36
84 35
79 2
16 41
52 25
97 27
5 22
41 31
56 35
94 27
80 38
8 45
99 34
58 42
35 25
63 36
48 11
19 33
89 15
96 26
31 45
16 1
81 6
59 10
86 30
27 23
21 32
37 36
89 11
73 24
47 30
32 26
48 20
58 28
11 28
55 37
57 7
56 20
6 23
23 13
95 22
82 47
82 36
12 22
19 43
22 24
25 38
98 9
83 19
21 33
52 8
100 17
74 29
2 38
34 40
22 1
16 11
6 37
47 47
92 48
71 17
80 13
84 39
87 24
92 50
76 38
26 27
20 6
84 10
61 9
61 16
95 3
24 11
12 50
24 46
59 21
83 26
67 43
11 47
19 21
55 48
38 42
60 15
60 36
33 12
90 45
27 32
17 45
45 39
62 38
52 22
69 16
11 13
53 47
71 25
19 36
80 6
2 1
97 32
49 19
88 18
30 3
88 15
56 5
40 42
46 19
74 36
82 24
78 10
46 12
20 1
7 37
91 1
84 4
33 1
20 9
56 38
70 17
90 9
17 46
18 38
1 18
27 42
7 29
9 25
25 17
72 28
69 19
27 18
29 41
7 9
67 41
48 27
57 2
80 44
9 10
20 20
60 5
45 30
36 30
32 30
57 12
5 4
75 30
34 34
25 46
99 38
51 33
5 49
61 36
51 46
43 14
51 1
71 21
9 49
56 11
51 33
51 27
77 4
25 17
30 47
34 44
28 1
10 26
83 1
66 11
93 8
34 49
63 5
50 22
13 20
67 48
95 29
88 28
52 32
50 16
38 16
49 8
81 24
26 48
80 32
61 22
94 18
29 16
34 9
100 24
32 14
41 18
50 4
81 42
90 21
97 18
84 44
57 45
36 38
51 13
85 15
28 18
66 18
78 21
40 24
14 49
23 33
86 43
95 8
27 6
70 35
33 50
30 45
27 30
20 14
23 47
33 11
27 33
100 21
65 43
70 26
92 37
77 5
8 8
94 4
53 28
22 36
20 4
65 41
59 22
45 18
20 31
98 14
83 13
35 43
96 32
62 3
95 21
23 2
89 31
80 12
95 15
44 37
51 45
77 15
14 3
71 11
43 35
98 36
86 45
6 40
42 4
46 42
40 7
88 15
50 32
98 5
17 46
79 43
10 49
84 29
56 11
61 15
49 11
6 40
37 36
75 50
8 4
23 10
8 29
37 25
32 40
39 12
66 4
7 29
75 2
49 2
80 14
31 25
61 21
33 1
44 49
73 49
65 31
45 34
37 50
31 18
21 31
66 12
47 20
71 37
14 34
43 43
14 15
50 20
58 41
35 30
31 28
74 9
73 14
84 14
76 46
39 9
89 20
26 35
24 2
56 5
88 8
20 1
53 23
42 16
54 43
37 29
38 28
96 43
97 27
71 2
83 15
76 50
53 33
68 34
78 35
7 8
84 3
73 39
50 14
17 48
49 4
66 41
57 8
44 43
6 41
85 35
77 8
66 37
88 43
91 14
17 13
48 24
42 41
83 12
48 33
8 48
15 13
54 46
63 26
55 29
40 49
28 27
38 39
68 24
81 13
17 34
73 26
84 31
41 28
3 18
35 31
64 41
50 29
86 16
94 48
70 31
26 48
79 28
10 35
85 15
54 11
80 38
49 4
61 14
89 46
49 34
7 13
55 14
100 5
19 11
76 8
55 38
46 30
23 34
27 15
87 10
63 29
64 26
77 43
16 32
69 46
39 32
57 9
22 47
35 32
97 41
77 33
42 12
80 3
47 19
90 44
9 15
5 45
26 41
6 19
2 31
47 14
57 29
24 31
33 12
97 41
81 44
75 47
6 4
18 24
99 36
76 18
48 4
68 34
25 11
62 31
80 45
57 20
88 6
17 26
37 45
48 33
48 47
10 34
36 12
88 36
19 27
55 15
100 18
17 12
12 31
26 11
71 20
67 38
37 26
20 5
50 10
72 42
17 18
77 36
19 24
62 1
52 48
79 42
39 26
7 20
48 14
38 16
85 41
60 45
92 14
46 1
92 5
46 11
51 31
18 44
95 50
10 42
91 15
30 21
40 22
89 49
29 30
45 36
54 24
44 1
46 37
77 20
20 23
24 31
66 8
74 16
96 46
13 50
82 27
32 12
3 20
21 28
67 43
1 16
79 46
55 43
3 2
12 8
53 21
65 33
94 3
27 23
13 40
40 15
77 20
60 12
15 31
50 50
59 32
95 23
89 16
5 1
99 3
56 7
77 27
2 34
43 2
49 44
28 29
7 17
57 7
75 20
14 39
100 36
17 8
88 45
51 38
9 22
91 15
58 3
68 39
1 49
74 42
15 7
83 45
40 46
46 15
96 28
41 48
33 25
21 12
95 6
19 10
68 41
13 29
78 2
5 27
17 9
71 27
65 22
77 45
68 2
21 44
93 19
37 1
66 14
35 23
96 24
26 30
93 29
95 39
35 23
48 43
59 6
75 27
44 11
23 13
4 21
85 29
13 45
93 24
38 28
4 42
67 40
58 47
11 23
53 31
6 15
54 48
3 45
91 20
71 25
2 29
86 3
64 48
28 17
71 37
11 34
57 24
83 37
2 14
71 32
95 37
76 15
26 9
47 4
75 2
69 19
22 24
78 18
46 14
55 8
75 36
42 26
24 40
92 34
48 35
44 28
73 6
8 15
41 20
52 28
91 31
3 10
20 1
79 23
77 45
54 32
65 48
74 27
54 40
95 37
25 45
37 6
95 5
63 48
11 40
85 15
64 27
18 20
18 41
40 4
94 27
6 45
55 47
59 6
39 17
46 10
37 40
77 39
74 10
2 48
90 36
70 37
36 32
1 41
49 14
47 50
99 1
10 28
58 40
13 46
7 28
28 28
14 28
32 22
37 9
12 15
38 13
6 21
10 36
59 35
80 18
17 19
15 29
35 24
76 45
64 11
44 14
11 15
76 19
40 3
58 43
44 35
43 5
16 7
44 45
31 6
62 5
32 44
17 46
31 18
78 49
22 24
74 45
26 48
19 23
50 36
18 42
84 17
38 46
42 21
83 15
95 1
79 34
25 41
48 27
77 41
58 21
71 3
18 34
59 27
22 24
62 23
17 6
32 7
58 17
96 29
26 16
12 20
6 13
5 38
42 48
83 46
48 21
35 27
73 21
31 29
80 33
94 29
27 40
33 43
10 37
46 45
17 35
65 40
39 47
58 42
51 33
84 40
33 49
21 50
65 40
79 23
70 40
67 21
38 38
30 47
52 23
21 45
2 7
79 31
33 17
58 9
14 14
3 28
45 18
18 50
56 32
60 36
11 7
88 44
25 25
62 28
56 30
13 11
12 28
7 13
88 38
58 39
68 37
38 28
9 21
85 36
30 32
11 31
4 17
83 39
92 14
20 49
19 27
47 22
4 9
29 30
81 34
28 8
82 35
58 3
75 1
41 41
55 49
30 40
70 4
86 30
44 32
60 29
65 39
18 34
93 50
44 27
46 22
80 30
64 41
44 9
27 36
84 45
15 20
64 4
38 36
53 36
5 17
80 32
63 19
82 30
82 12
34 24
49 49
18 14
32 7
63 31
76 26
33 1
22 18
21 46
37 44
28 3
17 30
71 17
8 3
16 33
1 48
18 21
16 17
44 47
95 25
9 41
69 25
1 38
76 6
13 41
93 11
17 41
92 1
10 7
23 34
85 11
1 19
34 39
11 2
100 27
8 6
9 25
22 11
70 32
52 32
23 7
50 8
15 16
27 23
68 19
61 42
51 50
17 24
47 1
53 2
95 20
80 31
9 12
90 34
89 25
10 1
6 20
43 10
63 47
75 31
80 2
13 17
39 15
92 32
16 22
82 41
6 19
81 44
98 44
70 23
74 45
40 37
3 16
34 41
79 34
56 20
71 49
80 29
26 8
37 15
90 4
6 21
23 6
73 47
90 8
89 44
8 1
45 20
83 6
31 8
51 2
16 36
96 1
90 46
91 45
69 46
48 4
86 27
10 35
21 11
77 13
73 14
74 20
25 16
4 27
28 49
7 14
97 2
35 33
100 17
5 43
87 38
74 22
10 37
85 37
73 36
1 6
36 9
80 16
92 28
8 40
89 26
50 8
62 23
45 43
40 37
65 40
54 30
84 48
92 48
22 11
59 1
11 1
28 41
10 5
9 1
38 22
85 27
38 44
10 13
90 29
5 33
85 18
32 14
29 40
39 41
66 36
34 48
97 43
99 20
75 37
57 47
84 9
74 5
100 12
56 33
51 10
60 30
76 17
3 6
39 23
60 24
24 41
19 16
13 24
55 15
45 12
40 18
21 7
33 30
32 19
60 23
32 12
30 24
37 35
69 34
13 8
49 50
47 30
63 46
69 23
85 12
4 29
93 35
14 22
17 49
85 33
82 25
62 35
41 5
64 15
82 21
61 8
77 35
20 33
53 46
55 2
49 6
62 3
21 11
15 40
22 15
17 43
75 30
26 34
87 6
67 9
1 25
1 38
91 50
27 39
18 49
74 3
34 46
29 13
10 19
63 49
96 6
42 17
65 17
19 15
55 45
32 42
39 27
90 26
70 26
75 20
100 12
99 22
53 24
40 44
77 10
57 23
28 4
51 10
23 37
65 18
78 37
55 45
76 46
54 30
2 2
97 24
70 49
91 44
43 30
52 32
48 16
27 1
72 39
70 5
74 21
89 11
2 23
27 4
53 47
39 47
3 46
73 44
59 36
8 31
84 20
91 8
93 40
97 5
76 32
76 41
15 1
82 12
3 7
56 47
93 22
28 29
15 23
75 32
65 20
47 4
89 29
48 17
25 7
93 24
27 9
95 24
92 42
79 27
50 41
64 28
61 16
48 12
93 6
61 30
39 9
32 9
35 42
47 3
26 49
14 25
12 14
54 7
57 3
32 15
100 45
22 23
37 5
94 33
39 12
89 37
52 37
91 38
48 29
8 25
46 42
14 46
42 19
29 24
30 29
53 6
77 33
47 10
71 19
97 43
98 23
4 18
16 16
52 21
61 23
21 8
58 27
49 49
41 20
75 8
25 12
22 41
94 28
52 2
8 25
88 32
40 50
12 37
5 22
31 16
60 35
2 12
91 1
51 42
50 45
83 48
7 18
53 18
92 17
63 5
32 23
35 9
40 31
59 32
82 17
88 44
6 20
33 45
95 1
26 12
31 13
29 48
8 41
78 44
59 50
22 33
3 44
44 13
25 39
18 15
59 25
52 49
41 9
8 30
33 17
92 35
80 41
77 23
92 40
21 19
9 24
92 26
14 28
42 13
77 49
34 21
61 37
44 37
31 42
7 49
69 31
76 44
46 33
91 23
20 2
84 37
26 31
95 44
55 5
19 16
73 7
76 50
10 50
25 50
88 17
76 46
45 29
11 36
66 32
94 34
8 8
76 28
3 7
99 44
21 16
61 16
95 15
77 44
93 5
60 46
32 50
72 9
78 50
49 17
46 29
7 23
21 49
69 49
37 43
19 46
42 11
31 5
40 11
35 25
17 34
74 46
55 24
51 28
68 32
77 16
97 47
89 32
87 43
91 15
47 44
17 5
62 32
4 28
43 15
78 26
58 46
40 3
18 25
14 5
56 32
55 9
70 38
18 6
96 8
13 15
94 22
88 36
85 7
58 23
21 23
23 20
19 19
69 44
96 12
43 24
43 24
42 46
71 38
30 38
38 46
73 17
98 50
27 49
75 39
24 39
1 4
36 34
79 6
69 31
48 21
40 21
90 15
82 9
35 41
65 32
94 49
21 37
63 23
36 15
2 9
70 12
61 39
85 20
13 14
94 27
49 49
91 22
64 39
20 21
60 46
69 37
42 50
71 17
64 42
95 26
9 6
75 38
90 37
21 11
42 23
60 26
61 7
5 16
35 29
94 31
20 40
47 26
99 26
2 29
50 33
48 36
9 34
99 22
1 41
21 50
54 44
81 29
23 44
5 11
63 41
85 43
17 27
18 12
42 7
2 6
86 12
53 49
44 17
88 45
23 11
74 14
46 27
13 42
30 34
79 37
43 18
20 19
92 24
24 42
73 21
54 20
46 38
1 14
45 28
61 17
94 26
83 24
59 16
74 36
89 46
3 11
78 35
53 8
36 14
57 30
63 16
91 8
7 24
76 31
8 22
66 28
86 2
88 48
15 10
99 48
50 48
80 12
63 50
8 8
84 24
70 31
85 11
24 38
59 37
7 39
6 20
75 15
43 45
37 14
28 32
74 34
12 49
39 39
38 44
56 11
48 18
46 20
30 11
92 9
75 50
75 23
57 14
10 50
32 34
72 35
11 34
59 23
24 6
89 37
42 15
38 46
43 6
97 40
20 32
80 42
75 39
91 4
35 23
83 45
51 38
76 38
15 4
6 22
28 14
34 29
13 50
47 43
50 3
21 18
1 45
76 19
95 29
59 46
40 33
73 12
96 38
7 24
11 14
79 7
55 43
76 4
38 20
39 45
37 22
79 17
69 10
52 43
51 18
2 37
68 49
22 50
36 28
62 13
77 50
40 33
70 34
100 40
94 46
81 29
86 48
46 50
14 17
18 12
6 26
57 9
72 36
72 35
15 24
95 21
90 22
35 27
80 9
34 8
91 23
67 4
93 22
84 41
10 23
53 14
95 6
37 40
74 15
94 31
74 42
91 11
7 29
3 15
78 33
37 15
2 34
20 12
82 26
38 22
60 1
60 18
88 21
62 10
4 30
56 42
96 31
14 13
7 20
77 38
30 9
82 13
28 44
4 28
13 12
4 47
3 21
27 11
33 16
21 2
71 31
72 15
2 2
21 23
82 37
87 24
72 39
37 37
85 25
26 42
29 37
31 48
56 15
11 49
47 28
73 46
13 21
61 2
60 27
28 46
81 50
24 28
86 38
40 38
34 41
35 44
78 46
67 16
75 3
45 26
13 13
48 42
86 19
40 36
21 27
49 7
70 11
35 21
18 31
59 24
43 12
9 36
30 28
54 16
19 19
28 7
5 32
85 44
79 35
81 28
62 12
56 44
89 1
68 16
85 7
25 28
25 40
15 44
19 40
4 40
37 21
22 34
18 42
63 50
30 43
19 29
13 41
36 1
52 14
52 43
53 21
45 47
29 10
96 26
76 38
2 32
21 42
9 31
35 34
75 22
76 2
73 36
3 16
23 8
95 6
60 37
8 23
69 43
28 13
95 36
64 27
99 32
83 23
78 26
90 8
70 49
89 32
44 3
96 6
19 15
11 16
79 3
20 12
49 49
7 31
25 32
37 47
45 12
62 17
72 42
65 33
96 4
36 12
89 31
40 5
64 31
9 25
47 10
35 14
29 24
99 11
44 18
5 10
61 29
8 6
49 40
85 31
91 31
21 6
14 49
79 3
70 5
2 18
57 4
56 36
7 32
16 17
25 34
4 16
60 17
29 14
40 6
8 20
60 4
25 24
90 19
22 32
30 18
76 13
64 7
92 23
71 15
62 39
76 15
70 49
55 30
99 48
7 1
60 36
4 40
38 10
98 13
82 7
58 13
57 31
61 15
81 5
31 9
54 45
84 13
36 13
8 20
54 28
14 49
85 9
71 32
54 17
2 21
90 47
24 8
16 48
17 10
44 45
2 8
90 11
78 6
2 10
16 4
71 44
9 25
52 28
93 42
23 40
36 9
21 35
40 15
84 25
74 9
28 28
3 41
13 45
43 40
80 40
41 22
71 35
86 48
81 42
63 1
42 39
81 31
31 10
1 13
8 45
29 18
38 38
88 12
91 18
67 9
26 2
45 14
35 17
40 24
66 46
34 24
55 16
11 45
15 20
40 31
75 28
37 6
11 49
82 44
15 2
96 34
39 49
52 4
98 39
11 13
21 9
92 45
64 6
50 31
73 18
10 19
80 12
57 33
21 45
29 14
14 22
62 1
91 33
28 35
46 23
7 17
5 11
8 35
92 41
70 10
69 32
56 1
9 1
54 14
72 25
17 5
96 14
52 36
77 44
75 41
33 4
65 7
34 17
71 5
100 33
99 33
83 11
100 27
56 31
32 6
78 11
75 5
83 16
17 45
94 47
17 20
94 34
14 20
20 18
48 37
38 27
6 20
32 13
70 30
68 39
66 16
53 8
63 17
32 3
80 24
18 22
8 5
79 38
88 28
25 1
37 19
97 5
20 10
51 37
83 26
98 3
68 24
22 12
71 34
37 49
29 1
46 20
35 28
12 21
99 34
27 15
3 32
90 31
51 7
16 37
82 11
85 31
80 16
59 35
98 7
52 35
50 28
20 26
74 27
11 39
35 3
49 3
54 9
45 3
6 9
4 16
8 17
30 21
99 2
74 15
88 43
76 29
76 41
91 17
57 14
9 31
9 41
51 44
67 46
86 26
33 2
74 29
68 22
13 21
77 1
34 26
52 5
15 47
32 28
78 3
80 28
32 49
60 22
45 10
46 36
33 40
36 25
88 7
41 5
27 9
36 10
17 19
15 46
55 12
62 24
18 45
18 29
60 1
69 35
24 33
88 3
90 43
16 23
31 13
40 26
74 34
23 2
95 31
92 39
42 44
22 32
63 29
29 31
41 36
6 38
53 14
89 43
44 14
32 49
29 23
61 33
95 37
90 22
63 39
25 45
13 39
52 36
38 13
89 1
87 26
82 29
46 20
91 40
68 38
20 41
34 9
86 44
3 1
72 49
11 5
90 34
25 3
36 1
66 19
18 24
34 41
34 45
63 18
84 10
14 13
17 32
10 6
66 9
74 14
96 17
62 36
55 27
82 14
25 13
35 36
85 21
82 7
97 24
75 42
67 4
60 8
49 36
51 3
46 39
94 25
27 15
13 3
16 32
55 16
63 14
43 4
27 19
62 11
67 20
11 2
71 42
57 31
23 48
59 32
64 41
54 39
51 7
47 16
24 42
88 13
76 11
9 35
68 8
47 47
29 33
22 2
70 43
93 26
96 30
7 29
73 44
18 23
72 5
61 50
85 22
23 33
66 42
75 27
46 7
25 29
96 9
1 27
31 45
18 38
81 35
7 7
93 36
91 45
80 9
44 44
34 5
60 46
42 46
4 33
15 46
58 44
58 26
73 48
35 50
9 34
88 42
67 43
73 21
56 5
49 35
41 23
5 41
86 4
81 45
62 23
81 33
20 44
58 17
100 46
32 40
35 11
72 32
46 10
28 4
63 31
96 8
79 6
82 45
54 35
66 36
100 4
37 49
70 15
93 45
10 46
90 19
96 13
34 48
16 24
18 23
91 7
70 30
51 26
32 4
40 14
65 5
41 43
79 6
55 47
28 27
6 19
79 16
93 49
21 34
100 13
99 2
16 44
36 11
82 42
95 49
62 21
29 46
56 25
67 11
17 17
41 37
9 11
82 34
18 27
52 11
21 49
16 10
58 39
72 48
89 24
48 31
58 25
36 25
18 5
1 14
82 25
30 40
69 30
94 8
67 12
98 34
9 6
30 3
20 50
29 7
37 37
19 11
2 7
23 9
12 29
85 32
20 11
72 13
6 9
71 40
18 1
25 20
88 5
40 11
55 14
73 36
1 5
77 15
32 24
58 50
14 10
65 24
22 50
65 34
30 29
81 31
24 37
63 19
53 49
61 6
20 22
39 14
10 28
47 44
79 21
92 25
47 31
77 6
85 47
80 30
65 16
88 42
1 28
11 44
66 29
51 13
75 12
99 13
5 8
66 35
14 25
40 39
89 43
19 23
45 44
45 38
46 19
28 28
78 24
98 38
48 13
24 8
49 50
58 27
74 36
71 5
26 16
58 33
82 1
83 1
56 17
42 20
89 10
48 9
29 12
95 33
16 37
60 25
37 41
84 16
54 46
65 47
44 22
10 25
34 1
37 37
19 4
63 39
66 47
57 14
47 3
64 5
59 27
67 19
79 17
24 43
50 49
28 17
98 4
8 48
13 24
95 2
74 5
49 7
34 21
47 26
63 34
12 50
58 30
75 15
38 27
47 49
37 37
91 32
79 17
17 46
49 7
59 44
47 24
14 8
2 35
55 4
69 20
39 28
13 2
11 7
49 7
3 48
2 11
65 29
16 13
58 20
62 11
42 33
43 33
63 14
36 7
75 9
2 5
6 44
95 32
74 45
100 11
18 42
67 1
34 48
86 33
88 16
19 45
25 29
44 50
52 22
20 28
2 20
18 18
57 10
20 45
41 7
34 44
67 50
1 25
64 22
56 12
78 5
3 40
24 23
33 42
3 25
39 44
41 37
1 26
91 50
82 46
63 24
75 27
37 24
3 21
25 10
86 17
32 41
54 43
46 17
92 20
59 12
28 16
80 49
66 48
24 15
3 20
35 28
92 34
74 18
66 31
61 12
54 10
10 23
17 1
10 8
82 46
90 9
28 44
56 37
84 15
33 38
7 2
9 1
93 26
71 35
29 6
44 17
53 16
92 11
68 36
32 32
88 15
100 29
93 14
84 13
38 43
38 13
48 19
84 27
67 5
58 28
22 11
64 45
48 32
61 50
28 19
84 40
64 25
36 21
38 15
89 24
69 42
47 27
66 19
81 3
74 11
94 49
82 8
95 7
77 22
22 38
38 33
38 42
69 9
7 8
60 6
81 31
14 27
64 20
56 45
89 20
83 49
38 2
69 44
40 11
5 5
83 35
34 8
79 46
100 43
64 23
37 30
21 2
46 40
53 31
68 31
5 27
63 1
84 43
40 6
83 43
58 47
66 31
1 25
39 14
26 29
87 6
85 42
38 21
37 39
77 24
96 47
86 24
81 35
100 32
89 22
31 9
35 32
76 46
19 10
83 10
33 32
3 3
50 27
79 1
7 39
97 31
88 43
91 18
55 3
60 27
28 41
85 42
34 38
23 11
84 49
23 50
14 44
45 13
10 27
85 27
72 10
30 48
91 49
28 34
4 4
61 3
36 45
3 40
15 32
30 3
99 5
32 2
38 16
8 46
46 47
91 25
95 50
57 23
1 29
82 45
45 50
85 43
48 3
88 33
69 31
43 50
32 46
34 19
83 42
5 47
86 38
44 42
4 19
56 26
34 12
70 42
5 7
44 19
35 5
49 10
47 21
73 40
81 14
93 8
10 44
1 33
73 6
96 2
66 2
83 11
19 42
48 24
64 19
2 15
12 16
52 40
53 33
31 23
71 6
79 6
34 50
53 34
67 29
4 22
94 40
31 40
36 46
3 45
5 21
80 30
78 30
31 25
95 8
33 22
97 32
54 18
87 28
86 8
8 7
54 29
53 2
30 27
64 46
39 39
24 7
75 10
13 47
2 46
3 24
74 12
34 18
9 15
72 44
51 4
78 3
51 29
10 22
21 9
44 9
42 19
1 43
53 8
16 19
19 4
65 42
35 41
63 42
83 30
37 36
94 43
42 40
94 15
93 48
61 38
75 14
88 19
70 19
77 3
99 18
10 39
80 50
36 35
82 30
75 15
30 12
54 13
67 5
37 31
29 27
68 14
10 43
78 45
83 46
100 39
65 37
69 15
64 9
61 46
17 43
99 23
66 23
44 12
23 46
85 26
87 19
34 14
10 40
5 1
95 47
42 40
31 50
18 33
30 39
73 31
17 40
50 39
83 10
31 44
39 23
28 39
27 1
72 14
74 46
11 33
42 41
77 21
62 41
68 12
64 28
15 45
88 10
37 35
75 21
17 31
68 36
49 27
78 41
79 9
27 38
42 9
35 12
60 18
56 46
36 43
98 46
75 7
58 4
85 1
72 16
93 36
32 34
75 37
98 27
32 37
76 35
75 6
91 45
33 24
5 15
10 15
77 5
25 31
76 10
44 26
83 45
13 31
71 50
78 10
64 33
25 26
36 36
6 33
24 24
21 15
68 43
100 9
21 2
11 2
39 37
44 10
67 6
9 15
14 20
73 11
20 31
7 14
78 15
13 27
39 40
9 16
53 16
63 9
76 41
54 15
57 50
36 47
6 34
96 10
15 22
92 45
71 6
21 26
70 28
100 12
78 19
21 18
34 29
86 2
12 40
28 26
52 5
33 16
6 42
75 26
54 10
12 10
78 6
5 39
46 44
19 41
61 40
96 17
45 42
86 28
81 48
11 18
24 41
3 42
86 34
19 17
95 29
14 10
59 43
89 26
64 3
32 43
61 19
53 7
20 27
56 6
72 1
39 47
86 18
53 34
35 22
18 23
80 50
37 45
21 12
12 48
66 2
24 25
3 44
31 13
34 40
17 7
23 49
73 14
29 27
60 18
27 29
19 45
24 35
64 34
17 37
95 28
91 28
58 32
63 42
12 38
54 11
54 2
65 12
13 30
91 31
15 29
45 50
13 8
34 4
27 34
82 43
10 10
46 32
40 23
55 40
53 27
72 38
75 4
60 20
44 27
98 31
64 7
80 43
46 14
74 6
25 22
20 41
92 18
2 29
31 41
2 18
65 39
88 17
100 18
9 20
71 29
77 30
16 5
35 39
23 17
83 34
87 8
77 12
46 10
14 7
17 43
18 32
92 26
33 28
77 11
70 23
87 49
44 7
50 7
52 4
69 33
24 20
53 10
32 9
40 16
30 50
74 5
37 42
28 47
6 39
75 19
2 17
100 21
49 31
13 45
60 44
56 37
35 28
66 42
62 22
61 16
53 36
85 35
34 22
57 43
46 13
80 34
65 25
23 9
66 9
18 11
85 43
23 48
86 44
47 17
15 16
30 33
45 14
92 31
40 9
99 25
90 5
87 4
9 38
90 41
77 9
75 18
68 13
9 13
45 20
66 22
7 1
4 10
93 6
77 4
40 39
68 7
53 3
11 15
48 49
28 29
31 32
83 1
8 26
66 12
32 16
60 4
34 1
52 29
89 37
48 48
76 39
83 47
74 11
71 4
15 36
99 48
87 23
56 6
65 13
92 3
26 30
38 47
49 5
33 5
10 2
1 15
99 46
25 12
90 35
24 42
38 5
26 25
49 11
79 21
8 11
22 7
87 29
3 6
56 40
94 28
68 2
77 48
16 48
15 17
28 35
83 1
38 24
76 40
25 30
74 13
97 16
54 38
64 4
24 29
79 42
42 35
55 16
35 7
63 18
47 8
51 32
96 30
14 19
51 38
12 24
18 15
17 27
62 28
63 32
92 18
60 36
44 49
84 49
62 45
77 47
4 8
72 42
26 17
33 36
27 46
3 1
18 25
44 28
23 27
61 26
44 33
84 16
58 11
6 27
87 27
57 33
60 17
30 22
22 28
57 12
35 2
13 33
19 16
38 3
47 18
20 23
54 11
13 39
75 46
64 48
97 6
48 38
68 14
35 31
27 49
9 13
61 12
55 46
80 16
44 9
93 49
18 48
33 23
91 18
6 17
26 36
54 12
84 39
39 25
46 4
54 25
9 5
93 18
60 18
24 24
6 16
74 50
43 32
5 45
92 13
35 16
86 48
48 33
7 34
45 8
30 30
53 44
63 42
75 18
26 22
75 21
2 5
57 47
67 7
1 9
57 39
7 20
18 5
22 18
95 9
86 28
68 20
89 14
21 8
54 30
20 38
88 49
29 29
65 45
65 24
37 46
96 18
18 2
82 38
38 26
21 30
37 46
95 21
75 24
30 7
70 27
46 4
14 10
65 37
98 45
26 40
97 9
33 3
49 24
5 4
77 47
100 45
71 32
97 38
59 19
17 9
48 18
30 26
28 45
62 6
17 4
96 39
80 39
98 50
10 41
34 17
28 4
94 23
23 21
35 33
56 3
27 8
94 39
50 19
10 45
59 18
83 31
11 38
3 44
15 45
53 49
55 50
92 42
28 40
98 50
46 20
2 25
54 13
5 2
82 5
43 46
27 28
7 31
68 21
29 28
94 9
10 14
3 36
36 18
10 29
41 14
95 42
24 41
47 6
89 1
48 31
75 20
60 30
35 11
29 39
53 32
43 21
36 6
34 33
73 12
93 11
25 22
82 40
72 40
31 7
29 35
30 36
100 37
12 29
31 13
88 27
81 22
93 20
12 3
16 1
69 18
74 22
93 35
91 28
90 48
2 20
10 15
73 34
71 17
71 5
35 1
99 42
77 27
86 35
56 2
97 10
52 2
34 30
31 8
94 20
88 14
17 14
49 32
58 8
61 32
48 37
6 29
60 18
45 30
92 26
87 48
22 33
99 27
93 20
41 44
36 46
72 48
99 36
2 4
14 33
62 45
37 36
41 40
52 7
22 26
51 27
83 7
9 50
81 49
28 34
95 46
76 28
54 28
84 38
54 39
84 6
96 33
81 18
75 29
63 24
38 47
83 38
68 12
13 17
48 6
17 23
43 39
64 11
48 30
64 41
64 30
61 48
19 43
91 33
47 42
75 48
24 22
64 47
82 6
70 9
91 43
97 15
16 48
61 10
94 10
82 44
39 27
14 41
30 39
97 32
36 4
14 8
83 32
71 46
48 17
70 21
2 31
54 27
25 17
28 46
39 28
95 10
65 12
47 8
79 39
72 16
24 7
69 10
26 41
33 27
71 19
21 32
55 47
79 20
72 3
34 16
52 6
61 42
61 6
17 28
2 10
86 31
89 2
89 50
98 31
72 22
61 39
39 37
21 35
43 6
81 27
4 34
91 16
66 27
23 20
78 5
54 9
52 35
74 34
67 42
85 9
6 1
62 50
3 20
25 33
46 50
39 35
14 25
41 32
11 32
25 40
52 3
78 49
17 41
25 48
18 20
22 22
35 13
85 17
85 42
12 23
77 20
92 7
30 19
14 32
6 34
97 23
7 43
54 30
73 6
89 27
82 3
28 27
98 46
52 16
20 38
7 11
42 25
97 31
61 13
17 48
93 9
44 43
29 46
33 38
16 28
8 45
11 32
25 24
27 15
79 45
29 20
51 42
26 1
78 18
61 16
41 23
67 4
91 26
64 42
27 3
10 38
42 21
9 48
74 6
24 2
53 44
22 6
14 12
3 8
48 46
20 19
2 16
90 23
79 16
10 37
38 11
100 37
29 38
83 39
41 39
12 26
96 12
1 1
19 6
81 37
98 6
6 17
27 43
62 33
65 14
44 45
9 11
93 19
69 15
60 30
69 16
49 26
81 10
21 13
19 33
17 41
52 10
42 30
49 37
73 24
60 48
57 12
96 5
11 42
66 18
81 32
12 41
47 36
71 34
81 6
70 6
39 3
92 36
64 47
68 32
94 11
14 8
6 6
10 16
78 20
80 4
74 5
62 20
28 17
78 26
99 5
65 50
63 44
44 1
86 18
60 40
67 41
94 23
78 48
51 9
25 11
83 12
39 2
20 44
74 17
11 19
42 45
96 39
85 7
30 2
86 43
91 43
67 34
32 9
86 49
22 24
81 41
73 44
84 50
42 23
85 11
3 4
93 29
42 38
19 20
4 11
70 14
38 16
24 8
59 9
10 10
69 18
74 15
84 2
14 14
99 6
69 25
66 47
47 20
87 6
29 33
48 38
2 28
100 22
15 26
59 46
85 26
65 43
7 50
94 2
64 42
30 8
18 14
63 38
41 22
95 4
69 16
35 29
58 41
36 12
3 29
53 40
43 10
83 15
63 37
5 39
79 9
23 19
38 46
7 50
28 18
86 31
84 6
67 25
91 48
5 44
21 7
73 15
83 5
87 41
68 17
78 15
71 47
21 7
45 7
61 37
45 32
91 25
90 12
87 18
35 34
20 11
33 13
72 33
7 39
17 13
8 31
21 26
50 14
60 21
18 15
59 24
49 6
95 4
39 31
90 11
58 43
6 8
46 28
6 47
100 49
29 24
88 20
26 37
90 26
60 21
63 13
32 27
11 26
37 31
50 14
62 44
24 41
68 23
92 21
42 9
90 8
55 2
11 7
27 9
56 38
24 21
70 24
76 2
64 40
48 47
96 45
98 41
23 44
88 40
25 6
4 28
49 14
6 17
23 32
15 31
96 41
93 17
9 42
86 48
7 22
29 39
27 47
63 15
51 33
11 36
94 49
66 46
77 20
43 10
86 9
53 21
95 45
91 42
60 44
84 12
99 3
90 35
28 28
88 29
21 12
69 1
88 7
36 46
51 32
94 40
3 14
76 50
30 33
51 32
44 19
20 3
15 5
68 17
95 10
99 6
88 42
68 12
27 47
12 29
29 3
43 1
66 47
45 20
80 18
4 16
13 45
59 46
41 44
94 41
98 21
69 26
24 37
58 42
74 21
22 40
17 43
1 39
10 29
100 32
83 32
86 25
39 23
34 41
11 27
4 32
27 8
2 40
92 4
19 8
100 20
98 7
57 37
17 38
39 42
90 17
78 17
19 14
60 48
16 26
23 5
89 40
26 16
42 25
24 40
20 46
87 42
10 40
5 20
94 2
26 42
36 44
65 31
95 40
35 18
85 4
33 29
29 24
95 31
94 44
60 11
79 38
60 11
35 42
77 28
22 34
75 19
64 7
59 8
24 4
51 30
83 28
61 34
54 29
39 37
11 17
99 33
85 40
15 42
58 6
10 33
8 45
42 42
20 40
22 13
16 41
92 10
58 48
50 10
78 49
63 42
62 28
54 50
50 9
58 39
61 27
25 25
84 19
21 42
26 13
21 17
19 10
21 26
24 33
54 14
76 35
9 49
67 18
32 18
65 34
44 40
64 39
18 50
64 12
46 22
86 6
75 23
48 22
30 39
57 2
18 18
5 17
30 13
7 42
56 22
63 30
70 33
77 22
39 26
8 22
92 2
63 18
67 14
1 6
50 34
64 17
31 16
93 24
99 22
48 24
11 17
21 17
82 1
25 18
47 46
98 42
33 4
99 18
16 10
61 33
50 41
94 13
22 5
17 4
11 45
38 1
12 6
33 19
7 8
58 9
91 26
77 36
63 15
82 6
41 7
80 49
60 27
49 26
68 15
94 16
46 40
94 18
23 38
34 26
30 20
81 50
39 39
52 29
30 37
26 43
71 39
25 10
91 43
46 36
7 17
26 34
27 7
64 10
91 1
7 1
79 47
89 26
73 16
30 19
88 14
69 32
90 48
88 7
97 11
5 27
25 21
93 27
14 7
74 38
54 11
21 40
30 40
9 31
25 24
22 38
100 16
9 12
76 44
41 46
18 42
57 36
67 47
30 11
77 14
57 2
61 22
74 28
86 42
52 2
43 35
8 3
31 29
66 22
57 11
72 12
70 2
10 40
15 35
60 35
6 37
95 13
30 20
90 32
61 15
3 38
3 13
16 45
100 36
29 27
43 5
71 33
78 11
22 10
56 38
53 23
54 43
56 25
27 44
5 11
90 32
10 45
22 25
45 45
2 42
22 2
47 45
82 39
89 47
16 45
83 2
84 21
15 15
26 15
79 21
20 27
47 10
90 11
76 42
86 48
30 39
23 46
33 50
13 50
48 21
68 46
65 33
21 31
10 29
14 32
1 15
10 31
38 11
6 31
28 3
35 39
27 11
93 28
34 7
1 40
12 6
36 47
47 15
94 2
50 41
52 28
4 50
66 36
25 13
78 40
96 42
79 13
52 47
65 50
43 17
63 7
25 33
66 31
24 44
76 23
2 15
2 22
96 50
67 42
21 11
39 15
85 34
18 36
40 18
38 32
51 38
96 9
15 23
12 19
65 27
43 34
39 27
34 17
12 10
57 26
9 34
36 15
5 2
3 45
57 16
12 16
15 35
99 21
89 18
20 4
15 22
85 40
80 23
58 31
12 44
16 13
95 22
30 44
94 28
22 50
33 44
15 38
3 49
81 29
90 18
100 7
15 28
14 14
83 24
78 9
21 31
35 15
5 49
96 3
96 6
29 17
28 1
29 6
67 44
13 33
8 37
91 19
24 1
86 4
34 13
13 8
63 37
32 29
18 21
22 34
68 13
77 8
34 30
42 11
1 1
92 7
65 40
77 39
93 20
75 47
84 11
10 24
81 30
17 31
33 10
57 41
41 20
91 20
26 36
83 17
4 46
62 23
14 18
25 26
54 43
91 38
85 10
32 42
77 32
100 12
45 27
75 45
87 9
20 22
80 17
53 3
43 28
5 27
24 24
71 19
14 17
30 33
37 4
96 37
48 35
47 29
83 49
91 47
40 37
77 9
38 15
14 46
28 9
59 39
87 50
26 28
5 7
62 14
39 30
55 45
87 26
68 20
9 8
91 25
93 5
74 48
94 42
8 3
21 40
66 45
22 5
34 48
60 20
21 45
18 16
68 44
45 47
19 24
54 31
78 24
33 40
40 14
18 19
73 8
52 11
10 45
60 31
70 24
37 22
94 19
35 42
51 23
73 14
86 20
13 24
7 27
23 31
36 30
83 25
21 4
77 23
64 13
58 23
85 18
73 43
6 13
99 29
85 28
33 25
55 26
86 33
93 33
77 42
77 27
45 12
52 30
35 47
4 44
76 17
35 18
41 24
66 22
87 46
83 36
48 11
86 7
79 2
43 20
6 14
39 20
18 39
88 3
31 42
39 11
29 39
80 5
15 30
56 47
86 13
52 33
55 13
17 36
13 3
96 30
8 6
100 23
42 17
23 42
30 25
25 37
26 40
54 20
6 20
59 11
13 36
30 9
93 48
7 43
91 13
96 31
48 20
9 24
83 34
62 45
47 42
34 44
91 44
59 44
92 22
86 13
26 38
80 5
21 18
37 9
62 4
37 44
22 45
81 12
70 19
8 33
23 48
77 10
7 7
95 43
81 48
28 2
70 44
59 28
60 39
93 34
23 42
29 46
23 11
2 2
28 34
73 27
22 31
98 30
10 9
98 40
68 38
70 8
84 5
1 41
37 38
13 37
79 29
54 3
31 30
95 27
54 32
73 6
70 50
66 15
94 6
72 21
84 42
64 2
88 3
65 26
43 33
93 21
33 9
12 34
50 46
33 21
98 23
82 22
43 13
55 9
98 35
2 7
1 35
24 12
14 48
25 4
4 21
91 32
54 35
44 11
49 44
57 38
26 34
60 40
37 41
99 8
13 30
47 49
99 33
94 43
16 5
71 7
96 2
25 30
39 46
47 34
26 29
77 15
25 35
65 21
33 27
96 13
1 30
88 49
15 28
43 31
51 33
51 3
10 18
88 14
41 27
53 20
10 29
18 6
52 16
14 1
58 25
79 26
20 27
73 31
85 43
89 35
31 14
6 7
24 9
57 47
10 44
63 31
1 10
100 20
78 38
18 48
91 45
1 4
81 29
21 46
33 23
15 30
27 16
38 13
19 50
25 6
98 23
42 46
37 31
82 28
22 26
20 4
14 2
27 22
70 30
64 14
10 47
90 42
77 6
63 44
5 24
18 20
64 2
23 36
25 49
96 22
4 21
67 17
78 22
4 30
20 24
19 22
82 25
63 38
21 22
96 28
64 7
55 48
84 1
68 36
15 21
60 49
22 41
70 41
23 16
57 7
24 45
15 26
83 11
86 9
60 29
54 11
19 46
33 27
97 47
26 40
8 19
63 44
100 12
42 39
27 42
76 6
93 15
9 31
36 38
100 19
79 17
2 30
90 45
74 42
10 41
86 14
9 36
3 30
97 33
86 48
45 45
96 5
50 47
63 41
35 35
90 38
14 34
28 19
1 32
93 13
19 27
44 11
70 38
33 31
70 10
38 13
98 41
37 12
43 4
58 31
53 25
76 25
86 36
45 40
55 21
43 7
71 50
62 33
30 12
10 35
35 9
52 5
71 23
50 7
12 49
78 8
19 4
100 3
90 36
72 50
12 31
42 5
83 13
62 8
61 43
24 23
92 9
57 49
34 17
14 22
40 1
62 20
31 34
64 1
31 26
61 48
39 41
41 15
93 26
28 14
87 39
66 29
17 25
98 16
39 4
27 30
14 19
91 23
100 42
16 46
68 10
22 10
72 25
100 4
30 31
90 6
25 42
92 5
93 39
62 15
29 37
73 28
12 13
47 4
46 21
35 6
72 7
83 18
69 21
40 15
1 16
33 13
96 32
73 23
36 2
47 22
4 31
20 36
61 2
40 40
81 16
54 47
93 33
82 18
65 24
62 18
74 20
61 47
12 44
59 43
81 45
20 49
62 12
82 39
100 28
7 34
1 33
9 17
41 30
93 21
36 13
33 18
27 44
4 38
33 9
87 2
99 39
21 44
81 16
95 22
38 32
15 41
71 14
21 43
3 3
74 32
79 30
45 18
76 48
93 36
23 20
93 13
2 31
40 28
81 3
32 4
81 43
54 25
96 36
93 25
71 48
1 30
14 50
90 19
61 43
84 27
39 31
37 29
25 2
72 31
7 41
55 4
24 20
77 14
36 2
7 6
45 24
88 39
88 2
18 50
26 46
47 5
31 8
73 11
66 36
83 20
14 31
37 49
32 7
69 39
67 9
30 29
68 9
53 23
39 21
89 42
100 33
10 42
85 31
18 36
34 45
94 22
11 11
63 25
44 47
29 32
38 6
2 26
96 10
37 47
90 15
7 42
27 50
55 21
54 6
92 14
83 9
96 11
35 27
61 22
34 35
21 9
88 14
50 28
70 17
28 10
24 29
54 23
42 8
89 48
44 49
86 18
86 18
52 15
96 7
100 44
97 8
52 21
89 46
86 35
15 49
71 1
37 41
54 4
98 33
5 48
26 42
43 11
87 3
64 44
82 50
26 18
4 19
87 42
17 12
9 47
86 37
51 25
76 44
4 46
93 24
24 40
72 43
4 26
85 16
99 2
26 36
53 2
93 23
46 42
21 6
37 1
76 47
82 33
65 13
51 7
47 26
52 30
91 6
19 24
82 40
74 3
21 24
50 23
42 1
8 47
10 11
20 13
57 2
23 4
78 5
47 21
90 17
4 50
7 6
21 20
77 1
4 20
68 35
22 24
17 10
24 28
16 33
26 28
38 39
1 40
67 25
58 3
51 39
1 19
37 47
84 44
67 37
92 9
20 18
64 34
94 35
38 12
40 48
82 44
80 29
26 29
76 29
29 9
59 47
1 49
9 12
99 36
3 26
34 27
9 38
98 12
100 23
10 50
23 15
98 25
19 27
90 37
2 20
11 43
45 45
48 44
35 18
34 28
7 18
9 24
99 33
48 18
98 15
68 46
94 13
68 40
93 26
92 20
46 12
48 6
16 21
69 30
50 24
95 29
70 15
70 30
47 12
6 49
72 16
46 9
25 8
38 33
51 46
91 39
43 9
12 22
20 49
31 11
20 17
35 18
91 38
32 10
37 41
86 27
34 40
68 13
90 49
29 31
10 35
43 24
67 31
43 19
89 30
62 4
66 16
97 38
61 28
46 24
95 35
20 3
63 2
15 7
97 36
26 32
91 42
6 36
70 8
60 50
26 8
86 12
12 8
85 47
50 18
34 21
42 13
63 37
100 40
3 14
90 19
6 14
14 27
30 42
93 21
67 15
36 2
36 4
20 30
75 24
2 49
48 48
22 17
50 30
80 19
63 32
3 49
88 44
26 20
76 10
95 12
17 30
28 49
73 47
67 6
50 49
15 40
58 12
43 35
55 5
9 17
66 18
84 3
10 39
83 21
17 24
73 42
53 33
61 38
25 23
100 13
31 6
96 45
82 17
93 17
32 8
37 15
36 42
46 17
32 19
62 34
88 34
61 43
30 25
30 32
49 25
44 28
68 30
73 34
5 9
28 26
75 38
71 41
7 36
59 44
19 33
97 41
94 1
53 39
89 5
100 16
23 28
46 43
57 26
54 44
70 8
44 9
31 44
73 47
56 6
65 49
3 4
31 30
51 23
92 10
46 20
29 16
72 41
19 47
73 5
94 47
51 33
75 4
74 29
5 8
71 40
28 29
99 35
79 43
59 2
97 20
40 13
76 44
28 15
15 41
4 7
82 23
53 17
68 10
82 37
52 39
36 25
22 50
71 18
45 37
35 9
48 49
18 21
77 11
80 37
40 20
98 19
46 42
64 40
47 28
73 6
17 38
32 32
23 22
86 30
91 23
11 2
18 4
52 7
6 17
19 23
61 50
29 10
41 12
92 4
36 41
26 2
78 11
56 9
19 12
87 44
58 41
13 20
14 33
12 20
49 34
34 38
84 27
82 4
30 25
53 25
13 43
76 13
20 24
49 39
93 34
36 23
84 41
9 19
15 2
4 3
62 13
95 42
94 47
58 14
54 38
35 35
55 1
20 48
2 12
71 20
77 5
11 14
59 8
2 50
34 17
16 10
20 16
73 23
2 13
3 1
57 34
50 48
73 49
98 45
20 40
5 33
46 47
26 48
98 36
51 40
55 26
10 46
32 34
82 27
47 3
17 42
37 48
4 25
91 20
41 26
76 36
5 26
64 23
85 24
67 10
66 27
26 15
4 45
85 48
57 48
99 35
38 8
17 17
95 28
12 47
25 49
92 39
58 6
40 40
64 17
70 24
94 49
79 7
36 28
37 35
12 38
40 13
25 14
8 2
91 33
1 1
28 6
47 10
53 40
94 16
99 18
18 12
26 6
64 46
76 13
21 25
43 35
15 50
65 15
53 30
8 16
25 47
34 28
27 20
68 34
29 48
54 25
52 33
68 47
30 3
85 21
87 7
92 29
30 13
56 46
38 44
62 30
41 45
89 43
74 32
11 2
35 1
40 26
16 27
92 24
31 47
15 31
25 40
83 2
14 24
77 9
71 9
55 13
26 48
1 48
90 1
57 37
54 38
14 29
8 6
45 5
37 22
33 22
28 10
25 16
29 9
3 34
89 2
5 35
71 17
80 40
70 40
13 47
90 29
87 22
73 46
6 34
45 27
72 12
87 43
55 13
57 20
54 7
95 2
55 44
28 36
28 21
63 29
64 31
17 11
11 45
75 1
91 4
32 19
94 17
78 23
38 28
49 34
62 10
16 34
38 44
61 47
1 29
98 19
97 42
63 37
61 14
41 28
86 33
100 7
13 39
22 38
6 48
20 10
66 12
75 32
37 19
3 35
65 33
63 14
32 45
85 47
55 36
47 40
99 41
79 34
76 36
55 42
89 27
23 13
92 38
1 36
63 40
30 45
2 14
41 45
17 16
60 14
40 3
19 36
65 3
100 30
45 28
24 7
52 8
22 50
53 47
55 14
62 4
55 18
8 8
95 37
34 23
81 46
79 12
45 4
66 17
47 43
23 49
41 38
87 8
95 18
30 46
53 25
52 12
39 1
20 44
75 13
32 37
81 41
87 17
30 15
54 39
70 50
94 48
38 9
25 37
84 32
44 28
9 31
97 43
75 48
67 27
54 24
49 8
19 28
48 25
27 21
31 44
64 40
80 32
45 33
93 41
12 9
28 18
85 30
98 41
86 8
59 14
66 13
69 41
68 4
55 4
44 33
47 4
74 50
80 49
44 37
5 19
44 30
90 19
60 37
23 32
19 14
66 7
27 19
58 2
45 26
31 30
53 37
42 31
44 35
37 15
63 10
9 45
86 23
43 4
17 18
58 40
67 19
84 14
92 20
61 32
74 43
27 44
75 18
62 34
19 44
89 44
38 46
96 12
89 47
49 10
47 19
93 23
60 15
48 42
70 6
29 17
61 25
71 1
70 3
63 28
81 7
45 5
87 39
48 16
31 38
57 29
34 47
35 40
90 4
20 10
43 33
63 37
36 38
8 4
60 41
99 15
16 33
33 41
74 5
27 48
32 34
44 17
5 15
57 4
35 50
52 44
89 9
59 27
19 19
21 28
49 45
77 26
90 46
20 9
66 47
48 9
42 27
74 11
61 30
52 26
82 29
13 47
93 38
10 22
16 1
91 10
31 29
5 43
5 29
52 45
13 46
66 6
67 27
14 10
41 38
16 17
34 37
12 47
2 9
72 40
70 20
45 5
21 28
56 47
100 1
53 12
34 47
31 49
6 9
26 9
1 34
73 35
53 34
82 6
43 9
93 31
80 48
40 22
22 16
16 46
67 46
54 5
9 45
95 12
65 38
32 8
42 16
60 43
85 39
28 28
83 41
18 28
41 41
15 14
55 10
76 38
67 8
34 20
9 32
52 27
85 16
94 16
80 22
20 50
80 34
45 21
19 33
3 45
34 4
18 31
56 22
97 19
7 16
30 10
8 29
94 10
51 34
45 41
36 23
65 32
77 44
70 7
33 15
25 28
62 45
44 31
23 40
91 9
12 3
99 28
69 12
99 12
33 44
28 49
88 35
93 18
74 20
10 16
97 24
73 19
40 21
41 1
36 20
5 13
57 46
51 50
26 44
2 16
85 25
58 18
70 11
97 10
62 3
14 1
44 18
95 46
76 33
56 1
2 30
15 10
92 11
52 8
82 35
16 28
13 32
5 36
61 24
48 38
21 46
6 7
67 41
3 13
49 24
50 6
34 7
67 38
72 32
82 32
67 50
11 15
78 31
79 33
29 18
36 1
99 50
73 47
67 7
38 1
85 18
49 6
71 40
45 48
75 1
84 32
62 36
5 9
61 49
16 21
45 32
63 14
98 40
70 3
36 27
89 25
89 18
68 38
7 13
96 5
51 46
79 30
98 25
78 50
38 27
58 44
86 38
88 33
45 8
73 16
98 41
18 1
83 41
87 38
85 39
12 38
68 50
67 6
82 7
70 43
29 15
81 35
80 2
25 12
90 5
90 27
88 18
26 30
98 33
32 29
11 39
86 18
49 9
57 36
8 42
75 11
52 26
88 33
64 25
64 27
95 32
66 35
41 1
59 7
8 44
93 36
61 50
100 1
12 10
87 5
30 9
66 13
20 34
81 44
81 26
20 35
25 19
56 39
31 19
28 2
40 20
68 33
89 41
26 43
8 42
48 25
38 20
31 8
47 10
46 37
59 44
38 41
69 7
94 11
44 33
68 25
79 25
61 49
99 34
19 11
66 1
51 50
79 14
45 33
76 4
69 32
30 47
10 40
25 27
46 32
64 39
41 9
83 27
90 7
77 37
56 25
37 25
79 42
31 19
90 33
97 8
57 22
4 9
20 17
86 47
55 37
90 17
70 47
51 41
37 48
94 7
96 40
45 3
6 37
7 32
21 38
95 42
39 34
84 33
89 22
30 27
66 48
15 31
91 44
61 40
28 14
97 8
34 10
75 12
92 43
14 11
75 43
63 40
80 18
81 38
92 3
53 29
19 41
5 7
60 31
6 37
99 31
50 31
33 7
36 29
9 22
38 50
6 20
51 27
88 50
23 11
40 10
19 42
90 6
58 18
40 1
95 44
93 25
72 40
74 37
83 7
43 32
19 6
51 24
41 7
4 40
50 49
17 18
35 28
38 14
67 29
5 24
51 32
15 10
60 35
75 3
29 14
26 6
6 42
59 42
9 3
5 44
36 17
19 6
84 26
18 37
89 21
85 47
16 5
41 23
25 20
80 14
17 40
26 40
27 24
80 31
36 23
40 1
65 10
93 43
1 49
53 16
98 15
38 15
78 28
53 50
75 39
89 7
96 29
60 37
11 39
84 14
23 42
34 24
34 39
72 11
18 13
10 32
24 31
79 34
42 39
6 34
73 12
58 10
91 30
43 27
16 34
15 19
60 19
36 7
20 36
90 4
45 2
26 35
77 10
59 5
6 37
72 27
89 15
29 3
48 29
33 16
55 6
18 2
62 44
5 40
42 17
54 38
98 7
38 24
3 12
94 41
74 8
72 27
21 9
43 16
68 24
69 45
97 9
29 6
39 7
54 38
39 5
27 34
49 20
79 20
67 49
15 11
98 3
1 19
34 16
92 28
39 2
69 25
76 36
17 8
32 34
52 48
57 7
39 2
39 39
62 35
21 5
41 32
94 5
62 50
90 4
42 10
31 1
83 30
94 28
92 42
14 28
71 24
100 26
91 36
27 23
94 32
54 16
35 12
41 35
65 3
79 50
31 26
7 37
37 6
62 29
49 36
9 9
86 13
95 48
81 37
76 7
82 28
53 42
49 27
23 19
62 29
19 24
90 19
50 34
91 29
49 25
79 36
75 19
25 34
32 7
6 4
49 4
25 28
65 29
10 17
92 42
16 44
59 1
31 30
44 25
98 29
97 7
21 10
94 29
16 43
79 32
59 48
34 25
89 25
57 48
59 22
95 37
55 30
19 20
41 24
78 29
27 25
35 15
73 43
50 26
44 17
69 4
57 32
76 40
91 6
18 40
18 12
84 16
26 47
9 31
25 21
52 35
89 40
20 33
62 11
37 14
64 4
75 3
99 36
75 31
27 41
1 36
88 46
41 46
49 47
68 21
31 49
52 25
95 26
12 33
11 46
84 14
16 17
71 21
53 18
70 42
34 21
47 22
22 22
47 17
92 8
23 6
84 33
51 19
62 23
80 50
39 50
48 32
77 22
98 36
31 8
77 36
15 22
23 43
38 4
83 25
43 30
65 12
66 44
87 3
29 29
5 13
83 9
65 46
95 45
98 7
80 50
4 6
14 17
51 50
61 39
84 36
55 16
8 48
49 30
52 32
70 39
56 26
8 9
89 44
54 18
28 44
82 42
42 48
6 7
62 10
96 46
79 33
40 1
60 33
8 37
65 13
89 42
37 33
9 25
36 50
49 46
27 46
56 6
42 44
61 28
7 42
81 25
90 17
72 14
55 14
56 3
63 19
80 46
31 7
61 34
48 45
63 16
94 37
40 27
43 15
37 2
82 21
30 13
40 47
59 15
16 19
100 13
19 40
31 14
100 50
58 43
96 12
88 25
92 17
48 21
75 26
29 47
86 32
1 50
36 34
9 2
38 33
80 34
61 35
74 15
27 2
32 19
22 45
32 38
70 11
44 28
33 34
46 43
66 20
28 3
85 5
15 4
82 14
55 24
55 33
95 33
38 14
46 26
69 7
91 40
25 41
17 6
80 3
18 23
70 4
66 6
25 46
19 4
6 40
88 36
96 31
19 23
88 11
57 49
17 21
35 3
89 22
58 37
51 16
50 22
97 26
33 22
24 39
11 26
74 13
68 8
14 43
56 50
88 22
17 38
95 19
25 29
34 48
87 6
53 40
54 7
83 4
97 17
98 46
98 36
31 3
94 6
12 2
100 12
87 41
33 16
46 45
73 43
88 31
78 8
29 42
54 18
67 47
69 48
4 46
32 44
73 28
55 31
54 30
65 27
13 15
60 41
49 19
60 44
62 30
70 24
92 43
4 39
12 14
71 18
60 48
28 21
76 41
23 16
17 17
50 6
14 16
49 2
46 41
19 37
14 40
5 50
92 18
66 33
23 42
24 5
72 24
6 38
3 45
29 11
87 36
90 10
89 15
73 34
95 11
30 35
14 3
21 20
15 38
99 40
95 21
11 25
31 26
30 43
23 21
76 27
50 44
37 45
64 11
28 21
82 25
94 36
87 46
61 31
95 3
42 5
55 33
59 40
43 16
78 23
49 17
7 12
88 11
74 29
85 11
12 21
1 19
73 33
29 39
79 42
8 21
42 5
6 48
79 4
39 29
66 21
56 35
65 46
2 17
91 14
41 29
73 15
83 5
30 1
13 12
1 33
3 38
69 11
94 40
78 16
94 20
87 24
84 35
89 31
16 21
78 45
63 41
60 20
21 9
10 10
100 32
4 45
32 15
78 43
99 49
87 11
97 12
29 11
82 5
86 48
47 29
11 19
15 48
30 26
78 24
72 12
37 7
11 41
68 35
54 39
43 35
32 40
32 21
82 48
70 26
22 41
97 23
60 30
59 4
17 1
13 28
95 25
8 27
29 21
89 16
85 14
59 45
65 35
50 10
54 15
41 21
37 33
46 12
61 5
65 6
3 10
74 7
39 47
42 12
90 38
20 7
44 15
57 46
82 1
4 49
66 5
22 7
93 21
27 35
43 49
38 42
18 30
40 15
2 1
29 27
5 48
63 20
21 24
3 48
55 33
11 21
30 35
26 17
19 25
54 36
88 34
30 43
63 28
11 49
2 5
88 14
57 25
77 38
69 18
12 11
60 35
35 22
27 3
99 14
77 42
66 15
28 46
95 41
93 3
23 41
75 39
54 14
37 28
27 48
52 4
36 2
2 22
67 47
14 15
20 22
70 40
97 10
29 21
23 41
51 34
53 18
78 38
72 33
55 5
59 46
37 6
93 27
23 36
90 7
29 3
54 30
7 43
40 33
45 10
6 11
39 10
92 10
81 32
13 44
14 47
30 17
43 13
42 18
93 3
65 19
45 26
74 29
10 16
32 44
99 16
47 34
6 46
3 24
2 11
95 4
57 16
92 20
48 47
100 26
4 19
98 5
25 33
53 37
75 19
83 45
70 14
25 6
30 14
99 25
48 22
48 40
57 34
90 31
75 12
98 44
15 6
31 11
97 1
41 21
83 31
53 45
95 39
32 39
16 39
78 35
38 37
90 33
7 3
46 41
49 21
17 28
48 17
5 32
3 13
76 50
77 33
90 12
5 1
36 33
90 47
64 14
12 48
11 40
71 2
90 46
15 43
48 42
7 36
50 35
74 5
66 38
59 8
70 10
22 47
98 37
39 12
40 46
58 26
9 40
23 18
60 4
100 46
88 1
61 17
53 20
83 46
60 27
58 12
53 43
4 45
41 11
86 41
11 21
61 21
22 47
67 44
27 26
29 26
64 40
72 27
40 10
49 28
81 40
81 18
54 20
18 46
62 49
6 21
11 11
49 1
88 11
97 32
70 8
85 20
35 25
79 37
92 37
57 2
49 20
77 42
14 45
10 6
9 24
40 40
80 24
37 1
21 46
39 21
77 15
7 23
40 43
12 4
27 3
36 4
66 20
76 26
13 9
54 24
20 7
2 44
21 38
59 39
99 28
40 21
92 17
11 44
81 24
86 39
55 19
39 16
77 8
31 4
90 20
38 46
44 49
89 22
80 33
3 20
28 5
79 21
81 34
27 6
60 21
83 41
84 24
4 10
69 38
33 43
73 32
26 19
99 41
7 35
10 47
45 12
29 45
16 25
80 41
64 41
49 49
72 29
43 20
87 7
64 49
61 38
57 37
31 35
65 36
41 43
100 4
92 39
81 24
12 16
26 31
39 24
8 25
57 37
94 1
62 29
19 11
19 13
62 36
92 8
51 7
56 34
69 25
28 11
67 46
11 12
90 49
97 43
73 32
72 28
96 24
3 22
3 13
72 21
1 41
55 20
93 16
42 17
39 41
89 4
3 31
13 10
18 17
72 43
27 36
63 24
57 1
52 4
18 5
81 26
90 15
18 47
82 24
11 34
87 1
58 12
12 26
22 37
91 19
55 34
96 21
11 41
52 20
49 48
25 13
6 32
2 5
24 11
52 41
22 19
34 6
31 20
77 8
10 48
73 24
66 21
58 11
45 49
32 47
15 46
6 16
30 17
35 30
83 38
23 49
73 19
68 26
57 10
81 13
38 22
83 43
76 38
80 41
64 22
86 4
70 30
54 25
83 21
36 5
80 27
9 5
8 7
30 48
45 17
86 46
2 15
90 2
44 21
87 34
33 46
87 41
64 5
95 34
36 15
46 34
5 28
9 2
30 35
15 17
23 16
29 16
28 22
90 50
56 3
28 11
1 29
53 34
94 29
28 33
96 5
51 33
52 1
88 27
30 34
1 46
69 23
88 10
65 28
52 44
4 35
19 4
36 47
9 7
32 20
46 33
93 42
26 39
25 32
61 3
53 16
38 18
3 38
84 42
69 41
30 49
17 29
45 8
12 17
48 7
42 9
32 11
29 23
55 36
54 15
2 28
28 9
8 23
12 44
39 23
96 48
80 50
17 11
44 11
42 32
11 2
3 48
95 40
52 1
90 13
72 15
25 38
95 3
21 44
41 44
95 39
50 21
56 42
41 4
6 13
30 31
41 42
25 10
70 34
6 24
53 13
57 46
74 28
19 1
83 7
80 37
99 30
50 6
10 33
32 28
82 17
71 7
5 29
60 50
49 43
91 14
42 14
26 20
84 34
28 40
38 17
69 19
54 17
44 5
81 14
3 3
32 20
17 44
34 31
25 45
13 17
33 6
54 29
100 49
93 32
73 1
4 9
60 37
77 6
52 24
38 3
52 14
21 44
73 31
28 7
12 2
21 3
79 12
84 15
84 18
60 17
42 16
70 11
39 24
39 45
70 26
76 1
89 22
89 40
28 21
50 39
18 10
48 14
16 45
53 2
100 25
91 15
66 29
5 5
17 5
50 12
57 28
15 16
84 49
5 44
53 45
45 17
24 31
63 6
18 44
19 9
76 38
30 31
20 1
71 26
30 50
46 7
54 17
93 35
29 49
1 29
81 8
23 7
16 24
4 26
91 20
73 4
83 45
34 32
58 16
18 32
32 23
94 18
7 49
39 27
58 1
35 3
59 43
46 40
95 45
24 46
89 9
2 6
69 21
6 31
32 32
5 15
17 19
58 29
4 18
84 10
95 28
46 31
56 12
13 25
58 36
16 36
13 49
81 11
5 12
27 28
40 41
32 42
52 47
66 49
33 33
19 39
28 48
16 36
94 46
4 18
11 29
50 4
55 5
55 24
82 22
27 23
44 27
69 49
46 18
68 31
9 41
71 42
69 32
24 26
21 24
42 6
65 32
69 32
19 45
90 31
42 6
71 18
65 21
41 46
76 1
56 7
34 6
58 29
88 44
44 39
17 40
29 9
52 18
69 14
35 44
90 3
63 34
31 1
20 16
36 36
61 6
34 15
31 35
93 49
60 37
67 36
85 19
55 41
86 44
4 45
61 35
4 4
61 31
3 2
16 22
44 44
24 25
30 25
64 25
88 23
32 12
92 41
68 8
96 9
12 40
32 12
71 42
81 40
85 48
99 1
3 13
17 36
100 14
18 24
41 42
57 17
29 34
3 30
70 21
29 10
27 39
98 15
59 26
41 22
68 1
92 38
98 2
91 25
49 48
87 24
67 38
58 6
3 12
94 1
26 15
30 4
26 12
24 16
38 17
33 6
75 37
27 42
55 3
1 25
91 23
15 41
15 43
11 4
63 38
68 34
21 28
28 4
90 2
17 26
73 50
37 41
72 45
86 42
37 21
99 49
58 13
53 28
58 2
32 8
18 34
73 14
44 24
67 24
78 37
85 27
5 33
9 45
99 43
6 25
63 29
95 23
71 21
86 28
95 41
43 11
71 44
85 25
37 18
75 19
9 50
83 48
24 37
24 33
96 40
65 9
66 19
52 6
39 37
15 39
49 8
83 8
85 12
78 18
56 15
30 11
52 44
20 47
70 6
29 24
89 4
57 14
31 3
89 32
77 41
64 17
52 8
88 12
28 41
77 30
22 41
55 19
68 10
62 39
55 45
24 23
47 21
82 13
37 23
10 11
71 4
81 12
13 44
12 4
84 20
1 17
67 36
88 19
38 21
61 25
19 1
81 37
81 40
16 36
39 41
75 42
52 47
34 16
57 42
93 18
72 10
19 47
12 26
79 39
23 50
74 37
6 10
23 15
87 3
62 28
40 3
5 49
88 10
32 23
34 3
52 27
51 41
27 19
37 45
41 40
20 25
13 2
68 33
91 31
42 4
60 9
38 46
48 11
30 6
69 48
85 38
56 10
79 20
21 20
79 24
12 32
4 12
88 34
6 29
22 34
62 45
37 2
38 14
29 31
58 1
73 50
1 49
47 35
94 34
81 2
7 19
92 18
55 12
6 44
42 48
56 42
87 37
95 41
44 6
23 47
26 44
74 36
26 40
22 40
83 29
22 16
55 40
73 42
81 38
55 31
35 44
26 33
12 17
30 36
11 25
19 28
13 37
12 50
39 20
25 8
100 9
76 35
78 36
43 16
51 21
94 45
65 25
100 5
48 14
84 24
39 4
81 47
91 19
63 43
71 39
55 37
19 18
21 28
18 20
1 27
50 21
13 12
11 21
48 20
2 23
9 13
57 37
17 10
1 39
36 48
15 12
31 8
88 2
55 15
72 1
51 42
22 21
20 45
87 17
28 39
1 41
51 26
27 21
50 10
4 13
46 2
32 18
6 36
98 38
75 43
43 38
45 20
6 24
16 18
16 48
62 19
21 44
70 12
7 4
56 14
72 18
23 27
75 22
64 30
37 10
62 15
75 17
24 11
51 23
12 20
82 28
60 36
42 36
53 18
52 49
70 2
4 47
47 22
68 6
7 27
97 31
22 17
48 39
22 39
46 35
5 34
98 23
48 33
74 48
100 18
52 37
61 20
99 28
47 20
94 13
28 29
1 40
32 42
69 36
87 6
7 31
35 42
25 12
26 22
65 35
91 46
39 11
82 47
92 47
29 41
32 37
47 11
2 3
2 29
79 31
16 43
39 16
27 34
90 44
41 13
82 41
17 14
25 29
33 50
46 9
44 37
70 26
28 47
6 21
72 50
61 43
58 1
41 3
46 38
14 32
70 14
34 11
49 13
46 23
27 18
39 13
98 39
61 18
52 26
50 23
34 18
47 50
15 31
79 37
65 7
99 31
59 22
55 11
92 46
85 35
88 41
23 30
31 31
90 28
31 42
5 4
85 28
63 33
49 9
86 50
41 50
82 4
84 14
19 24
6 35
40 35
35 21
21 6
82 13
8 42
35 19
52 22
50 31
1 15
15 50
98 44
23 16
70 39
69 25
55 42
71 14
42 5
41 22
81 25
64 32
2 42
48 29
60 28
7 37
44 32
73 40
44 23
64 42
53 15
8 50
36 39
40 22
78 38
82 46
16 31
81 49
19 11
63 35
66 44
97 30
92 24
36 20
69 34
42 3
23 35
50 50
41 12
7 49
7 41
34 46
66 6
67 20
49 16
91 4
75 47
35 15
20 22
39 40
34 20
18 39
70 43
33 15
86 13
2 13
26 40
40 28
76 35
60 3
47 34
40 13
98 35
59 26
38 26
81 43
85 7
94 18
65 12
8 26
70 35
58 37
48 10
63 27
2 47
76 30
13 33
51 21
30 46
21 16
100 35
29 29
5 48
79 26
86 19
49 49
93 31
85 40
7 46
67 28
61 46
72 38
74 22
96 19
8 6
37 42
46 47
6 17
39 34
12 37
78 29
76 14
88 46
73 40
7 15
51 46
63 36
22 6
92 24
11 34
81 38
69 9
30 5
16 10
49 10
97 25
92 5
47 27
90 50
48 42
13 49
8 18
90 38
86 1
25 33
91 17
66 37
85 5
20 19
20 38
36 29
80 39
95 3
3 38
9 9
100 39
67 13
23 36
79 11
76 7
16 33
28 45
81 37
96 9
1 31
58 22
71 41
44 23
51 11
51 23
77 38
46 23
28 17
53 8
13 20
68 47
55 21
77 26
2 6
31 32
21 39
66 32
10 20
58 23
61 44
91 29
62 16
38 43
91 30
84 41
74 17
9 10
66 1
90 1
78 45
91 9
96 31
7 16
36 14
16 45
81 14
55 37
8 48
76 5
69 43
78 41
45 6
10 16
13 24
78 43
48 17
25 9
13 31
14 27
5 33
46 47
43 42
91 2
75 32
94 39
63 7
35 17
73 35
25 28
41 26
74 45
84 22
36 13
95 4
90 39
62 48
31 50
23 21
34 31
15 17
17 50
11 41
91 26
11 29
76 10
61 18
4 37
39 6
69 45
72 9
50 41
20 17
12 50
20 32
3 42
13 20
20 45
62 23
23 23
98 47
5 45
38 39
46 30
92 19
100 50
9 25
54 36
74 43
14 36
18 12
90 35
38 10
27 20
22 40
72 2
92 3
59 41
98 11
11 18
49 44
94 11
75 41
97 12
78 9
24 5
74 14
45 37
58 36
97 38
17 16
24 42
80 23
74 14
82 43
25 35
40 16
42 17
79 24
36 43
30 27
8 12
19 45
58 31
92 39
54 39
46 39
16 4
22 37
74 50
15 15
51 21
39 16
58 32
98 26
99 26
74 8
9 25
67 31
18 42
31 10
57 6
38 28
17 7
74 44
72 14
68 34
57 41
84 40
22 8
5 25
47 45
90 43
95 20
94 30
91 17
98 24
4 42
61 11
76 27
47 8
3 39
21 18
90 46
28 34
47 34
45 36
62 47
10 29
12 12
60 21
60 20
17 26
83 36
4 47
4 15
79 41
47 47
85 38
13 9
99 8
42 15
67 35
12 3
45 9
69 29
7 43
72 47
67 17
30 35
14 44
13 46
24 28
87 14
79 45
78 9
34 35
48 2
87 4
6 40
30 48
96 22
61 34
59 25
54 43
46 15
24 23
87 43
54 3
18 25
16 4
54 25
37 8
9 18
75 17
74 12
3 2
64 7
62 37
82 26
82 9
41 24
69 30
18 11
78 25
59 11
56 42
19 36
47 22
15 21
89 4
75 41
3 10
38 29
14 45
62 37
58 2
30 46
96 39
95 47
9 50
89 2
6 37
73 20
80 10
94 18
82 28
91 25
41 37
82 47
9 22
38 23
93 39
86 38
10 1
71 19
56 14
87 43
1 17
94 25
19 47
56 44
65 6
17 35
17 33
72 39
72 18
100 35
20 20
70 20
20 49
68 34
66 47
46 22
82 15
12 19
70 2
57 43
44 11
61 26
30 7
22 16
53 4
34 47
65 32
7 23
18 40
88 38
24 41
53 46
56 25
90 8
96 35
74 25
58 17
21 28
32 26
79 32
67 35
42 36
16 24
18 28
14 2
44 28
36 13
89 50
14 45
24 42
96 12
6 48
20 18
99 25
4 45
52 14
74 15
53 6
86 31
75 38
19 22
81 2
96 24
5 32
74 6
77 39
7 48
79 1
44 34
79 32
47 12
36 27
46 32
19 18
71 28
10 1
31 7
8 44
57 43
22 46
71 33
99 36
26 24
30 4
82 2
49 4
77 14
85 5
98 33
24 42
6 43
11 38
47 33
12 12
65 18
2 1
33 43
97 18
64 39
95 5
3 41
5 49
95 33
20 24
62 43
100 19
7 48
67 16
5 40
73 36
14 47
74 32
72 38
100 14
100 33
34 43
92 41
20 13
8 43
68 4
13 37
32 35
55 11
9 45
54 10
95 4
11 7
71 44
21 1
68 42
87 26
41 41
35 37
16 43
70 7
90 12
4 9
22 12
73 4
35 43
10 15
66 42
30 37
75 33
56 26
36 17
53 1
49 23
53 22
93 46
7 47
66 42
39 15
81 43
59 32
78 38
70 6
56 43
60 46
1 23
97 35
61 8
80 12
25 5
4 15
20 42
91 1
70 4
5 44
66 10
12 8
35 33
32 39
18 45
24 48
8 20
11 42
41 13
32 50
8 1
76 13
50 49
82 45
44 45
24 30
96 35
38 14
84 33
86 44
83 1
26 27
41 31
35 45
52 19
43 45
79 38
40 16
73 5
75 26
19 26
51 50
70 18
56 25
68 5
70 14
21 31
21 13
86 32
14 42
14 3
11 18
64 2
59 33
36 3
31 46
24 43
65 40
54 7
71 5
69 22
18 1
73 46
83 50
47 9
58 25
32 14
51 23
96 35
98 8
98 35
97 29
17 24
3 35
99 29
22 1
37 9
21 35
48 37
18 8
85 42
29 33
60 22
31 19
6 11
20 19
29 15
22 33
47 22
41 10
58 35
78 39
91 17
56 1
30 25
9 33
70 16
72 33
88 17
70 21
99 35
21 5
35 31
99 34
70 36
81 47
16 5
30 7
5 4
80 12
67 30
81 6
48 26
5 42
64 6
46 4
2 9
16 26
89 32
11 46
55 11
33 41
85 44
1 9
70 41
87 40
75 42
56 34
53 28
84 27
49 12
90 30
47 23
33 10
53 44
43 43
12 32
19 19
78 7
86 44
45 4
41 15
8 25
80 31
16 32
25 10
62 23
18 39
49 19
30 39
71 13
50 34
27 50
65 15
45 12
22 43
50 15
54 39
27 37
45 39
12 45
57 4
50 43
47 34
14 46
18 18
88 7
90 21
11 5
78 7
64 27
54 41
10 18
2 28
34 47
79 37
26 20
64 31
11 26
88 41
7 19
86 33
20 29
74 22
73 43
2 5
6 42
62 38
35 28
9 23
11 13
47 32
17 34
74 33
54 24
45 6
74 17
64 14
65 11
50 26
62 39
95 30
81 33
99 25
26 21
55 29
63 46
33 41
6 27
64 50
31 34
93 42
21 27
50 47
4 35
95 4
58 30
4 41
20 29
17 18
84 42
42 11
12 48
27 6
38 9
12 17
2 11
71 47
72 6
40 5
49 20
53 45
26 33
86 38
88 43
62 35
64 29
50 15
67 1
58 3
65 36
71 13
89 22
9 19
86 47
65 37
53 7
77 16
85 36
98 38
97 33
13 12
15 27
49 17
94 24
56 8
32 12
67 9
6 36
34 23
79 11
4 17
2 35
63 48
14 39
40 22
16 48
70 36
94 23
11 19
55 13
25 9
3 8
72 10
44 10
12 46
22 43
3 19
28 9
76 29
94 21
66 27
93 40
40 16
4 30
23 48
88 13
1 2
40 45
56 6
88 4
50 7
83 21
77 32
96 44
91 11
48 26
68 22
42 14
73 50
49 44
92 34
59 33
10 31
29 49
50 31
61 49
57 24
62 32
47 36
20 10
77 27
83 2
82 5
53 21
20 16
58 26
53 21
74 28
77 20
72 22
65 13
24 49
71 50
82 32
56 6
50 37
89 37
11 7
38 12
88 19
69 35
19 16
22 3
4 25
58 21
2 43
57 10
12 3
41 43
4 32
62 31
64 13
67 26
5 42
44 36
72 42
20 7
95 13
70 34
60 28
73 50
2 50
86 28
40 7
40 46
21 26
13 42
18 15
15 8
30 49
41 29
30 21
26 22
50 48
54 33
1 34
92 11
86 42
40 42
67 16
9 35
44 43
72 50
1 47
43 2
90 7
11 26
14 41
54 40
75 3
52 9
81 11
92 26
33 45
22 26
79 8
75 42
33 13
23 15
6 38
33 5
90 41
91 38
83 10
75 21
29 3
33 38
77 43
41 29
77 42
94 3
91 18
45 19
48 38
23 31
51 24
70 35
11 45
1 30
68 25
74 7
24 38
35 18
3 32
35 24
97 29
93 33
77 27
95 34
72 48
74 44
9 44
33 20
54 40
59 19
25 36
89 25
30 39
35 15
62 7
53 46
5 19
63 25
3 36
82 17
87 12
65 28
76 45
95 16
78 43
3 7
65 22
30 12
9 42
58 18
48 20
20 19
17 14
24 47
18 19
64 14
88 31
89 13
76 46
51 50
45 42
93 49
68 38
68 46
55 19
55 15
20 42
40 11
86 24
54 1
85 4
53 40
92 47
76 44
44 47
53 17
72 28
95 34
86 1
51 44
91 44
35 35
6 16
70 21
39 11
39 26
41 6
44 27
1 38
13 38
66 11
79 22
21 9
18 35
27 21
40 34
50 3
90 28
33 40
28 47
7 38
3 18
86 3
32 9
76 12
2 30
61 43
96 10
31 46
51 9
88 23
1 3
30 39
57 36
56 38
66 47
19 20
55 28
55 7
36 48
84 36
12 27
26 27
17 23
11 21
81 7
7 46
75 19
12 10
17 31
72 35
2 48
64 14
56 32
72 8
45 2
42 7
9 41
14 4
83 18
80 37
90 41
75 26
1 29
65 9
64 30
93 6
75 35
13 25
47 39
95 4
45 13
44 38
3 42
94 14
91 15
48 31
76 2
60 5
33 28
52 6
24 45
38 25
18 1
99 3
98 37
34 46
60 2
9 27
16 38
86 26
10 11
26 40
76 10
70 27
50 5
35 8
58 29
7 5
95 50
88 6
71 16
43 1
98 35
85 7
58 50
21 40
5 50
5 27
54 2
1 14
48 1
73 27
3 2
71 48
17 48
62 28
79 29
82 49
80 10
45 43
93 20
7 1
83 15
76 48
47 17
34 22
13 12
8 23
25 47
52 23
53 20
6 13
65 3
77 27
32 35
15 42
53 12
3 4
99 12
34 2
7 39
91 32
90 44
69 30
49 18
7 8
23 50
97 20
34 3
13 45
56 36
79 49
19 34
68 35
24 21
15 28
27 9
30 36
66 42
22 31
45 46
72 35
70 30
7 40
65 14
70 28
36 45
34 49
86 20
25 35
100 27
4 44
83 31
45 46
45 46
8 33
100 31
62 38
67 37
100 3
99 15
96 17
77 17
23 27
86 10
50 45
71 24
66 33
3 37
23 10
40 47
34 16
100 17
87 9
47 30
38 44
21 25
70 42
28 13
18 3
52 13
72 41
14 9
85 43
49 18
56 13
41 10
25 8
3 17
16 26
10 43
3 39
74 18
80 3
95 39
3 50
6 43
73 15
64 33
90 17
12 17
96 21
16 28
90 36
20 36
55 15
75 40
1 1
14 9
30 33
32 9
9 23
20 32
90 38
98 31
70 46
84 50
7 21
95 38
35 27
56 33
84 16
35 6
74 1
49 25
47 40
28 4
68 50
53 12
40 16
34 6
31 49
39 16
32 10
6 14
32 8
36 19
35 11
27 20
56 26
47 46
42 30
75 15
20 17
89 47
74 1
96 29
66 8
68 15
1 50
55 29
99 47
27 18
93 3
31 42
5 43
63 20
4 5
53 49
77 20
42 30
2 11
37 9
29 28
100 11
88 4
11 16
15 48
15 38
68 39
54 46
75 49
50 24
58 17
47 40
26 1
75 16
42 13
81 24
35 11
11 11
64 10
19 4
65 18
65 48
39 2
96 23
31 44
27 40
100 11
77 44
56 25
20 6
67 11
19 41
24 19
24 7
30 14
18 26
98 8
36 16
54 6
79 40
86 9
8 48
78 37
87 1
89 42
91 34
52 5
86 45
94 49
70 50
26 11
45 26
19 14
97 42
48 31
8 21
93 19
56 7
52 35
96 42
79 18
29 45
79 40
46 35
13 37
65 14
24 21
