1000 1000
79 1
94 14
44 41
94 42
1 33
62 23
52 8
4 40
61 9
18 3
4 2
68 44
16 47
16 42
11 11
88 16
74 50
17 15
40 3
64 39
67 46
11 38
19 37
57 5
57 22
87 14
34 1
49 16
9 48
44 19
64 28
17 31
98 6
40 20
79 41
26 49
98 12
67 19
56 13
64 48
79 5
93 4
6 22
49 7
70 1
56 21
47 9
70 34
37 24
87 42
64 10
82 34
49 24
33 4
72 47
34 10
85 5
66 42
15 39
50 10
94 44
91 17
6 15
19 1
42 12
8 30
65 34
43 7
15 6
34 22
38 38
77 34
78 43
3 46
71 12
4 10
72 30
60 2
81 29
76 44
45 17
23 14
11 16
2 44
88 47
96 4
99 23
75 7
45 20
15 37
83 7
16 37
28 9
71 12
70 3
54 6
74 40
79 47
59 41
82 31
58 23
32 27
60 36
14 26
26 6
84 39
3 48
56 1
88 16
19 30
42 2
36 29
23 9
56 2
61 7
12 29
21 41
52 46
80 25
95 47
71 27
28 17
7 5
95 33
71 2
48 13
21 34
67 27
69 2
9 1
41 39
81 27
93 18
10 17
57 12
26 50
31 46
52 31
23 23
37 41
12 36
31 39
26 7
15 17
54 10
8 32
5 13
69 21
88 49
67 17
6 3
14 4
32 27
49 39
98 41
100 1
49 38
34 6
17 41
96 13
14 25
90 15
60 2
100 49
99 41
95 30
93 1
55 42
100 20
44 19
15 15
19 37
51 11
68 26
13 11
64 32
39 36
52 34
87 20
67 24
75 32
9 45
6 28
60 34
36 48
93 37
43 7
75 44
71 14
100 8
20 3
90 16
42 41
83 4
98 19
41 7
67 14
44 41
49 22
85 34
42 19
4 35
29 46
67 11
8 9
68 47
21 50
78 49
84 41
50 41
39 4
34 32
59 32
1 3
43 34
12 38
93 9
75 25
48 18
35 32
31 9
28 31
27 39
35 4
21 7
39 43
32 25
61 21
31 28
21 34
70 11
50 27
69 37
37 24
91 32
11 10
22 35
38 26
68 46
14 13
93 44
86 39
95 35
6 11
20 46
30 28
18 36
16 44
54 38
25 18
51 40
90 24
51 3
31 40
12 3
57 22
69 6
9 12
71 12
3 40
39 27
84 29
90 37
30 28
5 45
43 36
56 48
44 4
1 36
41 43
32 44
1 23
87 10
34 20
37 16
32 23
85 40
81 29
96 31
73 27
6 37
47 40
58 35
83 39
66 43
85 37
14 38
53 33
38 24
5 32
45 14
85 12
28 1
6 8
53 7
79 36
76 36
16 26
66 43
32 44
9 44
12 26
50 32
43 1
54 26
34 25
38 50
85 17
35 8
92 41
37 32
10 17
32 38
60 38
6 41
57 28
32 48
99 48
16 46
39 48
56 38
20 42
17 25
96 21
59 24
26 20
67 43
76 33
70 40
100 16
45 5
59 21
25 20
2 11
81 13
91 50
33 12
96 5
92 41
64 45
91 34
79 9
6 18
41 23
27 44
65 4
41 19
10 37
27 25
84 5
52 18
34 14
92 9
31 5
16 25
46 33
6 43
63 35
40 14
70 6
84 10
90 22
62 24
59 25
84 2
32 36
99 16
83 6
3 16
93 48
38 16
22 16
12 22
59 16
2 10
60 40
5 30
57 45
3 12
43 2
95 16
59 14
99 6
25 20
75 50
64 7
91 9
98 36
5 15
54 43
91 38
22 50
8 15
17 13
45 19
37 7
42 39
49 34
51 1
98 19
29 36
7 48
70 1
50 44
81 25
71 3
26 5
78 47
86 32
67 6
47 5
52 42
75 36
14 41
24 48
5 49
77 9
41 48
97 43
37 22
25 33
5 48
7 49
96 3
15 19
50 50
62 3
9 28
42 9
80 44
57 35
73 32
82 18
79 1
35 7
89 41
99 20
21 42
52 41
13 10
36 42
39 21
46 1
33 14
19 37
12 23
4 47
78 49
81 47
77 35
64 32
9 39
43 40
42 20
7 23
46 45
45 7
24 49
73 33
83 37
21 9
21 13
74 3
42 7
21 50
19 6
96 50
22 9
9 25
91 34
24 42
29 8
85 34
11 27
27 32
98 13
73 19
57 21
34 50
16 4
42 6
54 43
17 49
24 4
62 35
91 45
30 32
33 11
34 1
50 49
92 22
54 4
8 2
81 27
69 20
36 29
10 16
62 41
10 37
56 35
42 33
86 50
79 7
42 41
4 4
17 22
58 12
34 3
63 2
37 44
49 47
66 38
60 28
30 9
41 10
59 6
89 14
25 9
21 28
98 26
83 40
37 20
81 32
1 13
37 49
44 6
66 42
81 12
22 29
13 44
85 46
26 5
99 49
82 24
50 23
42 23
25 27
7 20
31 28
62 30
85 2
9 10
7 19
78 7
80 33
94 1
27 45
55 41
2 34
24 12
51 19
91 22
91 12
85 44
3 22
42 11
60 27
32 31
85 25
51 28
25 33
39 41
38 19
42 16
26 38
10 45
89 25
47 34
52 40
8 9
100 44
60 14
73 38
51 9
64 16
4 7
53 38
77 36
60 13
69 40
7 45
30 40
36 49
29 8
44 3
36 27
32 18
12 39
63 28
46 12
19 19
82 4
62 32
13 23
29 38
42 39
79 40
16 41
41 36
29 31
74 25
85 6
63 39
28 4
85 4
30 5
11 49
11 24
19 26
82 45
11 50
32 45
12 37
77 3
8 7
57 41
15 1
79 22
77 40
2 44
77 1
50 28
98 1
10 43
33 22
89 44
28 30
74 12
14 32
78 25
52 40
72 41
11 47
70 10
23 39
7 18
27 46
83 12
86 21
8 5
37 47
40 40
20 49
18 32
41 33
34 39
80 42
66 11
58 20
30 22
89 27
87 21
66 23
76 27
71 23
13 11
93 31
77 44
43 30
56 42
52 4
27 13
46 41
19 27
60 10
86 28
15 46
60 14
15 44
54 29
60 9
94 9
41 43
93 23
5 24
70 14
37 20
16 26
41 44
51 36
29 24
32 9
60 12
50 2
34 13
92 14
15 38
63 16
94 44
43 43
43 6
36 23
15 2
96 20
42 37
50 30
61 23
60 29
54 10
25 38
98 31
93 23
40 27
63 18
78 38
88 20
26 15
86 29
63 41
89 35
29 8
45 48
93 17
2 25
9 11
37 4
6 16
96 50
55 43
15 21
66 44
32 38
78 6
75 28
61 12
45 25
51 7
18 36
69 35
80 25
90 8
22 38
18 50
38 15
6 43
81 4
28 39
82 32
91 6
90 5
12 25
94 46
17 22
95 17
85 4
66 3
84 1
24 50
67 50
62 14
23 43
71 22
98 47
40 45
25 16
58 22
73 28
17 19
60 19
37 15
71 22
36 4
9 34
6 43
86 25
53 6
65 38
94 9
89 13
48 41
83 23
11 2
67 42
43 18
39 20
18 1
84 6
21 12
7 15
54 13
17 50
85 37
66 27
5 5
6 37
89 2
13 39
80 24
38 25
23 45
8 5
61 27
27 46
68 18
65 37
88 20
92 30
82 8
72 19
95 7
96 7
29 14
33 47
60 2
64 40
18 20
86 41
15 17
95 18
62 46
29 27
53 40
36 44
77 31
45 2
50 22
33 32
39 33
71 26
65 33
77 2
44 39
89 10
9 15
28 3
84 36
1 36
74 21
91 21
16 46
10 45
13 31
74 31
17 10
76 39
79 24
1 27
59 11
77 15
78 5
21 19
51 39
56 44
3 49
26 6
82 32
99 13
61 13
67 12
19 15
75 26
8 26
94 32
50 43
19 44
67 16
73 28
24 41
95 14
33 42
72 36
11 36
20 29
19 10
25 24
44 30
50 43
97 49
29 39
85 42
13 28
59 43
66 45
18 37
11 22
85 10
89 48
47 48
16 16
36 43
45 11
80 29
34 25
91 38
44 26
2 19
54 20
52 17
84 27
19 39
35 9
61 16
71 23
90 9
90 34
98 47
66 20
9 12
76 25
13 44
62 4
40 9
46 1
2 33
5 32
35 41
17 22
12 34
69 28
7 3
74 22
73 50
20 48
2 26
47 39
6 45
90 6
71 31
8 3
91 48
66 17
99 24
64 23
89 18
86 1
59 34
12 49
25 26
91 40
95 29
54 26
75 1
2 35
44 42
51 5
84 24
39 48
97 42
42 48
24 43
86 44
13 21
55 20
21 29
83 34
99 46
23 46
22 1
13 33
60 7
38 37
34 37
7 24
43 37
54 30
32 39
24 34
7 28
44 13
10 32
35 1
82 18
84 23
25 49
55 13
11 1
98 35
60 9
65 25
38 41
26 20
7 33
95 45
34 20
78 22
51 29
96 4
45 45
47 28
11 22
41 5
64 15
96 23
38 48
5 23
47 44
49 14
66 47
23 11
75 15
38 41
60 21
4 23
16 10
4 13
12 33
34 17
31 7
19 43
24 24
