293 266
611 70
281 186
473 52
609 385
303 433
578 263
743 352
124 326
364 325
204 233
483 418
98 294
456 203
85 419
186 223
92 359
315 374
201 333
624 222
326 340
504 163
168 220
312 470
69 285
551 355
128 448
227 415
237 135
699 292
166 172
484 415
748 263
172 64
489 240
516 276
194 370
107 73
569 489
480 497
599 156
259 464
254 345
461 125
69 95
559 350
93 170
155 262
450 394
240 65
145 86
717 147
634 533
460 430
376 465
115 443
158 426
369 454
631 469
149 336
673 502
604 414
463 185
438 251
519 525
119 264
434 412
256 163
686 236
173 270
736 242
454 542
237 166
192 550
199 133
90 80
318 463
571 226
622 549
364 466
620 413
207 435
452 63
283 451
67 312
177 362
227 235
739 112
493 477
509 67
341 390
659 75
474 366
200 354
294 189
512 525
68 90
407 452
532 271
313 540
