50
0 27 53 84 54 36 45 42 63 32 15 57 60 24 55 39 11 17 33 60 66 41 33 36 22 38 58 42 43 49 19 47 13 25 49 33 73 54 56 62 33 67 32 64 18 65 48 35 63 62 
27 0 56 96 75 10 70 69 46 11 41 82 88 34 55 17 32 21 8 80 46 43 20 63 46 65 64 49 37 65 44 25 39 5 76 34 82 57 83 45 57 67 59 91 35 80 57 28 90 77 
53 56 0 43 45 64 59 64 43 67 50 62 88 77 7 48 64 66 65 43 51 93 76 62 43 63 9 12 21 27 68 49 52 51 71 22 27 2 86 42 80 15 71 92 71 34 11 29 89 32 
84 96 43 0 40 105 63 71 85 107 74 57 90 108 48 91 93 100 105 33 93 126 114 73 64 73 34 47 64 35 92 93 76 91 74 62 16 43 90 84 99 43 87 94 100 20 38 71 91 22 
54 75 45 40 0 85 22 31 85 84 40 18 50 76 52 78 60 71 84 7 92 94 88 33 32 33 40 38 58 18 56 83 43 71 34 49 40 47 50 84 61 56 48 54 67 21 34 60 51 20 
36 10 64 105 85 0 80 79 47 8 50 92 96 38 62 19 39 26 3 90 46 42 18 73 56 74 73 58 44 74 51 25 49 14 85 43 91 65 92 46 64 74 67 100 41 90 66 35 99 87 
45 70 59 63 22 80 0 8 92 77 30 13 29 61 65 78 47 60 78 30 98 78 78 12 25 12 57 48 65 35 39 84 32 67 12 54 61 61 28 91 41 72 27 33 52 43 48 63 31 42 
42 69 64 71 31 79 8 0 95 74 28 19 23 56 71 78 43 57 76 38 100 73 75 6 26 5 63 53 69 42 34 85 29 66 7 57 69 67 21 94 33 79 20 27 47 51 54 66 25 50 
63 46 43 85 85 47 92 95 0 55 70 99 118 79 37 29 73 66 50 85 8 89 65 91 69 92 52 47 26 68 82 22 71 43 102 38 69 42 114 1 96 42 94 122 78 78 52 29 120 75 
32 11 67 107 84 8 77 74 55 0 47 89 91 29 67 26 33 19 5 89 54 34 10 68 53 69 75 60 49 75 45 33 45 16 81 46 93 68 86 54 57 78 62 94 34 90 68 39 93 87 
15 41 50 74 40 50 30 28 70 47 0 42 48 35 54 50 20 31 48 47 75 53 48 22 9 24 52 38 46 39 18 58 2 38 35 34 65 52 44 69 30 65 23 52 26 54 42 40 50 51 
57 82 62 57 18 92 13 19 99 89 42 0 33 74 69 88 60 73 90 24 106 91 90 24 36 24 58 53 72 35 52 93 44 78 19 61 58 64 33 98 53 74 39 37 65 38 50 72 34 38 
60 88 88 90 50 96 29 23 118 91 48 33 0 67 94 99 57 71 93 57 123 81 89 26 48 25 86 77 92 64 46 106 49 85 17 80 89 90 5 116 38 102 29 4 58 71 77 88 2 70 
24 34 77 108 76 38 61 56 79 29 35 74 67 0 79 51 15 13 34 82 80 17 23 50 44 51 82 66 64 73 22 59 32 35 61 56 98 78 62 78 30 91 39 69 9 89 73 55 69 86 
55 55 7 48 52 62 65 71 37 67 54 69 94 79 0 45 66 67 63 51 45 94 75 68 48 69 15 17 18 34 72 45 56 50 77 23 32 5 92 36 84 12 76 98 74 41 18 27 96 39 
39 17 48 91 78 19 78 78 29 26 50 88 99 51 45 0 47 38 21 81 29 60 36 73 52 74 57 45 27 64 58 8 50 15 85 30 76 48 95 28 72 56 72 103 51 78 53 19 101 75 
11 32 64 93 60 39 47 43 73 33 20 60 57 15 66 47 0 14 36 67 75 33 32 37 29 38 68 52 54 58 11 55 17 32 49 44 83 65 52 71 24 78 28 60 7 73 59 45 59 70 
17 21 66 100 71 26 60 57 66 19 31 73 71 13 67 38 14 0 23 77 67 26 18 51 39 52 72 56 51 66 25 46 28 22 63 44 88 67 67 65 37 79 42 74 14 81 63 42 74 78 
33 8 65 105 84 3 78 76 50 5 48 90 93 34 63 21 36 23 0 88 49 39 15 70 54 71 73 58 45 74 48 28 46 13 83 43 91 65 89 49 60 75 64 97 38 89 66 36 96 86 
60 80 43 33 7 90 30 38 85 89 47 24 57 82 51 81 67 77 88 0 93 100 93 40 38 41 37 38 59 17 63 85 50 75 41 51 34 45 57 84 68 53 55 61 73 14 33 62 58 14 
66 46 51 93 92 46 98 100 8 54 75 106 123 80 45 29 75 67 49 93 0 88 64 96 74 97 60 54 33 75 85 21 75 44 108 44 77 50 119 9 99 50 98 127 80 85 60 34 125 83 
41 43 93 126 94 42 78 73 89 34 53 91 81 17 94 60 33 26 39 100 88 0 24 67 62 68 99 83 78 91 39 67 50 46 77 71 115 94 76 88 43 106 54 83 26 106 90 68 83 103 
33 20 76 114 88 18 78 75 65 10 48 90 89 23 75 36 32 18 15 93 64 24 0 69 56 70 83 67 58 80 42 43 46 25 81 53 101 77 84 64 53 87 60 92 30 96 75 48 91 93 
36 63 62 73 33 73 12 6 91 68 22 24 26 50 68 73 37 51 70 40 96 67 69 0 21 1 62 51 65 42 28 80 24 61 12 53 69 64 23 89 29 77 15 31 41 52 52 61 29 50 
22 46 43 64 32 56 25 26 69 53 9 36 48 44 48 52 29 39 54 38 74 62 56 21 0 23 45 31 43 30 27 59 12 42 33 31 56 45 45 67 37 58 28 53 36 44 35 39 50 42 
38 65 63 73 33 74 12 5 92 69 24 24 25 51 69 74 38 52 71 41 97 68 70 1 23 0 63 52 66 43 29 81 25 62 11 54 70 66 22 91 29 78 15 29 41 53 53 62 27 51 
58 64 9 34 40 73 57 63 52 75 52 58 86 82 15 57 68 72 73 37 60 99 83 62 45 63 0 16 30 22 71 58 55 59 69 29 18 10 84 51 82 16 73 90 76 26 10 38 88 24 
42 49 12 47 38 58 48 53 47 60 38 53 77 66 17 45 52 56 58 38 54 83 67 51 31 52 16 0 21 20 56 48 40 44 60 15 33 14 74 46 68 27 59 81 60 33 8 25 78 30 
43 37 21 64 58 44 65 69 26 49 46 72 92 64 18 27 54 51 45 59 33 78 58 65 43 66 30 21 0 41 61 28 47 33 76 12 49 21 89 25 75 29 70 96 61 54 28 9 94 51 
49 65 27 35 18 74 35 42 68 75 39 35 64 73 34 64 58 66 74 17 75 91 80 42 30 43 22 20 41 0 57 68 41 60 47 34 27 29 63 66 66 38 54 68 65 15 15 45 66 12 
19 44 68 92 56 51 39 34 82 45 18 52 46 22 72 58 11 25 48 63 85 39 42 28 27 29 71 56 61 57 0 66 16 43 39 50 84 70 41 81 13 83 17 49 13 72 61 54 48 69 
47 25 49 93 83 25 84 85 22 33 58 93 106 59 45 8 55 46 28 85 21 67 43 80 59 81 58 48 28 68 66 0 57 23 92 34 77 49 102 21 80 55 79 110 59 81 55 23 108 78 
13 39 52 76 43 49 32 29 71 45 2 44 49 32 56 50 17 28 46 50 75 50 46 24 12 25 55 40 47 41 16 57 0 37 36 35 68 54 45 69 28 67 23 53 24 56 45 41 51 54 
25 5 51 91 71 14 67 66 43 16 38 78 85 35 50 15 32 22 13 75 44 46 25 61 42 62 59 44 33 60 43 23 37 0 73 29 77 52 81 42 56 62 58 89 36 75 52 23 88 72 
49 76 71 74 34 85 12 7 102 81 35 19 17 61 77 85 49 63 83 41 108 77 81 12 33 11 69 60 76 47 39 92 36 73 0 64 73 73 16 101 36 85 23 21 52 55 60 73 18 54 
33 34 22 62 49 43 54 57 38 46 34 61 80 56 23 30 44 44 43 51 44 71 53 53 31 54 29 15 12 34 50 34 35 29 64 0 48 23 77 37 63 35 58 84 51 48 23 11 82 44 
73 82 27 16 40 91 61 69 69 93 65 58 89 98 32 76 83 88 91 34 77 115 101 69 56 70 18 33 49 27 84 77 68 77 73 48 0 28 89 68 93 27 82 94 90 19 25 56 91 19 
54 57 2 43 47 65 61 67 42 68 52 64 90 78 5 48 65 67 65 45 50 94 77 64 45 66 10 14 21 29 70 49 54 52 73 23 28 0 88 41 82 13 73 94 73 36 13 29 92 33 
56 83 86 90 50 92 28 21 114 86 44 33 5 62 92 95 52 67 89 57 119 76 84 23 45 22 84 74 89 63 41 102 45 81 16 77 89 88 0 113 33 100 24 8 53 71 75 84 7 70 
62 45 42 84 84 46 91 94 1 54 69 98 116 78 36 28 71 65 49 84 9 88 64 89 67 91 51 46 25 66 81 21 69 42 101 37 68 41 113 0 95 42 92 120 77 77 51 28 118 74 
33 57 80 99 61 64 41 33 96 57 30 53 38 30 84 72 24 37 60 68 99 43 53 29 37 29 82 68 75 66 13 80 28 56 36 63 93 82 33 95 0 95 13 40 22 79 72 67 40 77 
67 67 15 43 56 74 72 79 42 78 65 74 102 91 12 56 78 79 75 53 50 106 87 77 58 78 16 27 29 38 83 55 67 62 85 35 27 13 100 42 95 0 86 106 85 41 24 39 103 40 
32 59 71 87 48 67 27 20 94 62 23 39 29 39 76 72 28 42 64 55 98 54 60 15 28 15 73 59 70 54 17 79 23 58 23 58 82 73 24 92 13 86 0 32 30 67 63 64 31 65 
64 91 92 94 54 100 33 27 122 94 52 37 4 69 98 103 60 74 97 61 127 83 92 31 53 29 90 81 96 68 49 110 53 89 21 84 94 94 8 120 40 106 32 0 61 75 81 92 3 74 
18 35 71 100 67 41 52 47 78 34 26 65 58 9 74 51 7 14 38 73 80 26 30 41 36 41 76 60 61 65 13 59 24 36 52 51 90 73 53 77 22 85 30 61 0 80 66 52 61 78 
65 80 34 20 21 90 43 51 78 90 54 38 71 89 41 78 73 81 89 14 85 106 96 52 44 53 26 33 54 15 72 81 56 75 55 48 19 36 71 77 79 41 67 75 80 0 26 58 72 3 
48 57 11 38 34 66 48 54 52 68 42 50 77 73 18 53 59 63 66 33 60 90 75 52 35 53 10 8 28 15 61 55 45 52 60 23 25 13 75 51 72 24 63 81 66 26 0 33 79 23 
35 28 29 71 60 35 63 66 29 39 40 72 88 55 27 19 45 42 36 62 34 68 48 61 39 62 38 25 9 45 54 23 41 23 73 11 56 29 84 28 67 39 64 92 52 58 33 0 90 55 
63 90 89 91 51 99 31 25 120 93 50 34 2 69 96 101 59 74 96 58 125 83 91 29 50 27 88 78 94 66 48 108 51 88 18 82 91 92 7 118 40 103 31 3 61 72 79 90 0 71 
62 77 32 22 20 87 42 50 75 87 51 38 70 86 39 75 70 78 86 14 83 103 93 50 42 51 24 30 51 12 69 78 54 72 54 44 19 33 70 74 77 40 65 74 78 3 23 55 71 0 
