100
0 67 29 59 20 8 9 84 61 24 89 53 17 43 36 44 80 59 56 14 44 55 63 35 33 19 16 4 40 39 57 63 68 52 30 59 41 58 31 55 38 10 69 65 57 19 30 30 64 75 21 29 56 51 55 56 21 34 45 56 36 36 36 83 47 69 44 67 38 36 66 29 62 41 27 30 69 34 35 29 55 49 24 68 45 17 40 52 73 17 78 68 48 81 26 63 26 40 47 57 
67 0 49 11 59 59 76 30 10 91 34 30 80 49 83 70 24 63 42 54 43 39 4 101 87 86 74 68 37 38 54 42 2 20 66 26 73 23 84 81 43 64 10 15 73 64 49 70 32 13 67 66 35 61 43 40 61 87 58 62 93 86 70 26 54 9 81 5 80 76 47 96 23 39 67 86 40 101 102 75 12 93 91 15 23 80 66 68 55 49 20 51 81 34 84 5 79 38 75 13 
29 49 0 46 38 22 37 58 40 49 63 26 46 15 62 26 55 33 27 26 15 26 45 63 61 46 27 28 13 40 29 34 51 29 17 52 26 50 35 38 42 20 54 54 35 41 2 53 36 53 18 17 55 25 25 58 41 61 58 30 64 37 56 58 20 47 34 51 32 28 68 55 37 44 49 37 40 62 63 54 39 45 50 45 26 35 57 29 77 21 53 72 35 54 55 44 30 12 31 36 
59 11 46 0 49 52 68 41 16 84 45 34 72 50 72 70 35 66 46 46 44 43 10 92 77 79 69 62 37 27 58 48 10 23 63 15 72 12 80 82 31 58 9 8 75 54 46 60 39 25 63 63 24 63 47 29 51 76 46 65 83 83 58 37 56 20 80 8 78 74 36 88 30 28 57 82 47 92 93 65 6 91 84 25 20 74 54 69 44 42 31 40 80 45 75 14 75 38 75 18 
20 59 38 49 0 18 25 82 56 39 88 56 23 53 26 60 77 71 62 12 51 60 55 43 28 33 36 24 44 24 67 68 60 51 46 44 58 44 51 72 21 27 58 54 72 5 40 15 66 70 39 45 40 63 61 39 3 27 25 68 33 56 18 80 58 64 62 58 57 54 47 42 62 25 11 50 73 44 45 17 46 68 38 65 41 36 21 66 53 17 74 49 65 81 25 57 45 44 63 54 
8 59 22 52 18 0 17 76 53 32 82 46 24 37 40 42 72 55 50 8 37 48 55 43 38 27 19 10 33 33 51 56 60 44 28 52 39 51 34 53 32 9 61 58 54 19 24 32 56 67 20 27 50 47 48 51 21 38 43 52 42 39 36 75 42 61 44 59 39 36 61 37 55 36 28 34 62 42 43 32 47 50 32 60 37 23 39 48 68 10 70 63 47 73 32 55 28 32 45 49 
9 76 37 68 25 17 0 93 70 15 99 62 11 51 34 49 89 65 65 22 52 63 72 26 28 10 17 9 49 47 64 71 77 62 35 67 45 66 31 58 45 17 78 74 62 22 39 31 73 85 26 34 64 57 63 63 26 29 50 62 30 36 37 92 54 78 47 76 40 39 72 20 72 49 29 28 78 25 26 28 64 48 15 78 54 13 43 57 78 26 87 74 50 90 21 73 26 48 51 67 
84 30 58 41 82 76 93 0 26 107 5 31 100 50 108 70 6 55 36 74 45 35 31 119 110 103 86 84 44 65 47 32 32 31 71 56 74 53 91 78 70 78 39 45 68 87 57 95 23 17 76 72 65 57 38 70 85 110 86 56 116 91 96 4 52 21 82 35 83 80 77 113 21 67 92 94 25 119 119 99 39 95 108 17 40 93 93 64 85 68 10 81 80 8 106 27 87 45 74 28 
61 10 40 16 56 53 70 26 0 85 32 20 76 39 81 60 21 53 32 49 32 28 7 96 85 81 66 62 28 38 44 32 13 11 57 31 63 28 75 71 43 57 19 23 63 61 40 69 23 14 58 57 40 51 33 45 59 84 60 52 90 77 69 24 44 8 71 14 71 67 52 90 13 40 66 78 30 95 96 73 13 84 85 9 16 73 66 57 61 44 18 57 71 29 81 4 70 29 65 4 
24 91 49 84 39 32 15 107 85 0 112 75 17 62 40 54 103 73 76 37 64 75 87 16 32 6 23 22 62 62 74 82 92 76 42 82 49 81 31 61 60 29 93 90 67 35 50 42 85 99 34 41 79 65 74 78 39 34 62 70 30 36 48 106 63 93 49 91 42 42 86 6 85 64 40 26 89 14 14 37 79 46 3 92 69 15 54 63 92 42 101 88 53 103 25 88 28 61 55 81 
89 34 63 45 88 82 99 5 32 112 0 37 106 55 113 74 10 59 41 80 50 40 36 125 116 109 91 90 50 70 51 36 36 37 77 60 79 57 96 82 75 83 43 49 72 93 62 101 28 21 81 77 69 61 43 74 90 116 92 60 121 96 101 8 57 25 87 39 88 85 81 118 27 72 97 100 29 124 125 105 44 100 113 22 46 99 98 68 89 74 14 85 85 12 112 32 93 51 79 34 
53 30 26 34 56 46 62 31 20 75 37 0 70 20 82 41 29 32 12 46 14 8 28 89 83 72 54 53 13 46 23 14 33 11 40 47 45 44 59 51 50 46 40 42 43 60 25 70 10 30 44 40 54 30 12 58 59 83 68 31 87 60 72 31 24 25 53 35 53 49 68 82 11 49 67 63 17 88 89 73 28 66 77 21 18 61 71 37 76 40 28 72 52 27 78 25 56 14 46 17 
17 80 46 72 23 24 11 100 76 17 106 70 0 61 23 60 96 76 74 26 61 72 76 20 17 11 28 19 57 47 74 80 81 68 46 67 56 67 41 69 44 26 81 76 73 19 48 24 81 90 37 45 63 68 72 62 23 18 45 73 19 47 30 99 64 84 58 80 51 50 70 19 79 48 23 38 86 20 21 20 68 59 15 84 60 23 36 68 75 31 93 71 61 98 10 78 37 57 62 73 
43 49 15 50 53 37 51 50 39 62 55 20 61 0 77 21 48 19 15 41 6 15 45 76 76 60 38 42 13 51 14 21 51 28 21 60 25 57 41 32 54 34 57 58 25 56 13 68 26 50 28 22 64 13 12 68 56 76 71 17 79 41 71 51 6 45 33 52 33 29 78 68 31 55 64 45 28 75 76 69 43 46 63 41 30 46 72 19 87 36 48 82 32 44 69 43 38 12 26 35 
36 83 62 72 26 40 34 108 81 40 113 82 23 77 0 80 103 95 88 36 76 86 80 34 9 34 50 40 70 45 91 94 83 76 66 64 77 65 65 91 41 46 80 75 93 21 64 12 92 95 58 65 56 87 87 53 23 7 32 92 15 70 15 105 82 89 80 81 74 72 58 38 88 44 15 61 99 35 36 8 70 82 37 90 67 47 21 88 61 42 99 59 84 107 14 82 60 70 83 79 
44 70 26 70 60 42 49 70 60 54 74 41 60 21 80 0 69 20 33 48 27 35 66 70 77 55 32 41 33 66 24 38 72 49 14 78 5 76 26 12 68 34 77 78 13 61 24 74 46 71 23 15 81 13 31 84 62 78 83 17 79 24 78 71 17 66 12 73 15 12 94 61 52 70 70 31 46 69 69 73 63 25 57 62 49 39 81 9 103 45 69 98 11 63 70 64 26 32 5 56 
80 24 55 35 77 72 89 6 21 103 10 29 96 48 103 69 0 55 36 70 43 34 25 115 106 100 83 81 42 60 47 32 26 27 69 50 73 47 89 78 64 74 33 39 68 82 54 90 23 11 73 70 59 57 38 64 80 105 81 56 111 89 90 2 52 15 81 29 82 78 71 109 18 62 87 92 26 115 116 94 33 94 104 12 36 90 87 64 79 64 4 75 80 12 101 21 85 42 74 23 
59 63 33 66 71 55 65 55 53 73 59 32 76 19 95 20 55 0 21 59 23 24 60 89 92 73 50 57 31 71 8 23 66 43 31 77 26 75 46 23 73 49 72 74 13 74 31 86 33 60 40 32 83 8 19 86 74 93 90 3 95 44 89 57 13 57 31 67 36 33 97 80 41 74 82 52 30 88 88 87 60 44 76 51 47 58 91 11 105 54 56 100 28 47 85 57 46 31 23 49 
56 42 27 46 62 50 65 36 32 76 41 12 74 15 88 33 36 21 0 51 12 3 39 91 88 74 53 55 18 56 12 6 45 23 36 59 38 56 55 42 59 48 51 54 32 66 26 77 13 39 43 37 65 21 2 69 65 88 77 20 92 55 80 38 16 36 45 47 47 44 79 83 20 59 73 60 13 90 90 80 40 59 78 30 29 61 80 28 88 46 36 83 44 29 82 36 53 18 38 29 
14 54 26 46 12 8 22 74 49 37 80 46 26 41 36 48 70 59 51 0 39 49 50 46 37 32 27 17 33 25 55 57 55 42 34 45 46 44 42 60 24 17 55 52 60 15 28 27 56 64 28 34 42 51 50 43 15 37 35 56 41 47 30 72 46 57 52 54 46 44 53 42 53 28 23 42 62 46 47 28 42 58 37 58 33 30 32 54 60 5 67 55 54 72 32 51 36 33 52 46 
44 43 15 44 51 37 52 45 32 64 50 14 61 6 76 27 43 23 12 39 0 11 39 78 75 62 41 43 8 47 16 18 45 22 26 54 31 51 45 38 50 35 50 52 31 54 13 66 21 44 31 26 59 19 10 62 54 76 67 22 79 46 69 45 12 39 39 46 39 35 73 70 25 51 62 49 25 77 78 68 37 52 65 35 24 49 69 25 82 34 42 77 38 39 70 37 42 7 32 29 
55 39 26 43 60 48 63 35 28 75 40 8 72 15 86 35 34 24 3 49 11 0 36 89 86 73 53 54 15 52 15 8 41 19 37 55 39 52 56 44 56 47 48 50 35 64 24 75 11 36 42 37 62 23 4 66 63 86 74 23 90 56 77 36 18 33 47 43 48 44 76 82 17 56 71 60 14 88 89 77 37 60 77 27 26 60 77 30 84 43 34 80 46 29 80 33 53 15 40 25 
63 4 45 10 55 55 72 31 7 87 36 28 76 45 80 66 25 60 39 50 39 36 0 97 84 82 70 64 33 35 51 40 6 17 62 25 69 22 80 78 39 59 12 15 70 60 45 67 30 15 63 62 34 58 40 39 58 83 56 59 89 82 66 27 51 10 77 7 76 72 46 92 21 37 64 82 38 97 98 72 9 89 87 15 19 76 63 64 54 45 21 50 77 35 81 4 75 34 72 10 
35 101 63 92 43 43 26 119 96 16 125 89 20 76 34 70 115 89 91 46 78 89 97 0 24 16 39 35 75 67 89 97 102 88 58 88 65 88 47 77 64 42 101 97 83 39 65 41 99 110 49 57 83 81 89 81 42 26 63 86 20 52 46 118 79 104 65 100 58 59 89 10 98 68 41 42 104 2 2 35 88 62 13 104 80 31 53 80 93 51 113 90 69 116 21 98 44 75 71 93 
33 87 61 77 28 38 28 110 85 32 116 83 17 76 9 77 106 92 88 37 75 86 84 24 0 26 45 36 70 50 90 94 87 79 63 70 73 70 59 86 46 43 86 80 90 23 63 18 93 99 54 62 63 84 86 61 26 2 40 89 6 64 23 108 80 92 75 86 68 67 67 29 90 50 20 55 99 26 27 13 75 76 29 93 70 41 30 85 70 42 102 67 79 109 7 86 54 70 79 82 
19 86 46 79 33 27 10 103 81 6 109 72 11 60 34 55 100 73 74 32 62 73 82 16 26 0 22 19 59 56 72 80 87 72 42 76 50 76 33 63 54 26 88 84 68 29 48 36 82 95 33 41 73 65 72 72 33 28 56 70 26 38 42 102 62 89 51 86 44 44 80 9 82 58 34 28 87 15 16 31 74 50 5 88 65 16 48 64 86 37 97 82 55 100 20 83 30 58 56 77 
16 74 27 69 36 19 17 86 66 23 91 54 28 38 50 32 83 50 53 27 41 53 70 39 45 22 0 12 41 52 50 60 75 56 19 71 28 69 15 41 52 11 78 76 45 35 28 46 63 80 10 18 70 42 51 70 38 47 61 47 47 20 52 85 40 74 29 75 23 22 81 30 64 55 43 14 67 37 38 44 63 32 25 72 51 7 56 41 88 28 81 83 33 81 38 70 10 40 34 62 
4 68 28 62 24 10 9 84 62 22 90 53 19 42 40 41 81 57 55 17 43 54 64 35 36 19 12 0 40 42 55 62 70 53 27 62 37 61 27 51 41 7 71 68 54 23 29 34 63 76 18 26 60 48 53 60 26 37 50 53 38 32 40 83 45 70 40 69 34 32 70 28 63 45 31 25 68 34 35 33 57 44 23 69 46 13 44 49 76 20 78 72 44 81 29 65 22 39 43 59 
40 37 13 37 44 33 49 44 28 62 50 13 57 13 70 33 42 31 18 33 8 15 33 75 70 59 41 40 0 39 24 23 39 17 29 46 35 43 47 45 42 33 44 45 39 48 12 59 23 40 31 29 51 26 17 54 47 70 60 30 75 49 62 44 19 35 43 40 43 39 65 68 23 43 55 50 29 74 75 62 30 56 63 32 16 48 62 32 74 28 40 69 43 41 65 32 43 1 38 24 
39 38 40 27 24 33 47 65 38 62 70 46 47 51 45 66 60 71 56 25 47 52 35 67 50 56 52 42 39 0 64 60 38 37 55 20 66 20 67 79 4 41 35 30 76 28 42 32 55 51 51 54 17 65 55 18 25 49 22 68 56 71 31 62 58 45 73 36 69 65 28 65 48 3 30 67 63 68 69 37 26 82 61 48 28 56 27 69 36 24 56 32 75 66 48 38 61 39 71 37 
57 54 29 58 67 51 64 47 44 74 51 23 74 14 91 24 47 8 12 55 16 15 51 89 90 72 50 55 24 64 0 15 57 34 32 69 30 66 49 31 67 47 63 65 21 70 27 82 24 51 39 32 75 10 10 79 70 90 84 9 93 48 85 49 10 48 36 58 39 36 89 80 32 67 78 54 22 88 88 83 51 49 76 42 39 58 85 17 98 50 47 93 34 39 83 48 48 24 28 40 
63 42 34 48 68 56 71 32 32 82 36 14 80 21 94 38 32 23 6 57 18 8 40 97 94 80 60 62 23 60 15 0 45 25 43 61 43 58 61 46 64 54 52 55 36 72 32 83 10 37 49 43 68 25 8 73 71 94 82 24 98 61 85 34 21 35 50 47 53 49 82 89 19 63 79 66 7 96 97 85 42 64 84 29 32 67 85 32 91 51 33 86 49 24 88 36 59 24 42 30 
68 2 51 10 60 60 77 32 13 92 36 33 81 51 83 72 26 66 45 55 45 41 6 102 87 87 75 70 39 38 57 45 0 23 68 24 75 21 86 84 42 65 7 13 76 65 51 70 35 15 69 68 33 63 46 39 61 87 57 65 93 88 69 28 57 11 83 3 82 78 45 97 26 39 67 88 42 101 102 75 13 96 92 17 25 82 65 70 53 50 22 49 83 37 85 8 81 40 78 16 
52 20 29 23 51 44 62 31 11 76 37 11 68 28 76 49 27 43 23 42 22 19 17 88 79 72 56 53 17 37 34 25 23 0 46 36 52 33 64 60 41 47 29 31 53 55 29 64 18 24 48 46 43 40 24 47 53 78 59 42 84 66 65 30 34 18 60 24 60 56 57 82 11 40 61 67 26 87 88 68 17 73 77 16 9 63 63 47 65 36 25 61 60 30 74 15 60 18 54 7 
30 66 17 63 46 28 35 71 57 42 77 40 46 21 66 14 69 31 36 34 26 37 62 58 63 42 19 27 29 55 32 43 68 46 0 69 11 67 19 25 56 20 72 71 27 47 17 60 48 69 9 1 71 23 34 73 49 64 70 28 65 20 64 72 21 64 17 68 14 10 84 49 51 58 56 23 50 56 57 59 57 28 44 60 43 26 67 22 92 32 68 87 19 66 56 61 16 28 17 53 
59 26 52 15 44 52 67 56 31 82 60 47 67 60 64 78 50 77 59 45 54 55 25 88 70 76 71 62 46 20 69 61 24 36 69 0 79 3 84 91 23 59 18 12 85 49 53 51 53 39 67 69 9 73 59 14 45 68 34 76 76 87 49 52 66 35 87 21 84 80 21 86 44 19 49 84 61 88 89 57 19 97 81 40 30 75 43 79 30 42 46 25 88 60 69 29 78 47 83 32 
41 73 26 72 58 39 45 74 63 49 79 45 56 25 77 5 73 26 38 46 31 39 69 65 73 50 28 37 35 66 30 43 75 52 11 79 0 77 20 13 67 31 80 80 17 59 25 71 50 75 19 12 82 19 36 84 60 74 81 23 75 18 76 75 21 70 8 76 10 7 95 56 56 70 67 26 51 64 64 70 65 21 52 66 51 34 79 15 103 44 73 98 8 68 66 67 21 34 6 59 
58 23 50 12 44 51 66 53 28 81 57 44 67 57 65 76 47 75 56 44 51 52 22 88 70 76 69 61 43 20 66 58 21 33 67 3 77 0 82 88 24 58 16 10 82 49 51 52 50 36 65 67 12 70 56 17 45 69 36 73 77 85 50 49 63 32 84 18 82 78 24 85 41 20 50 83 58 88 89 57 16 95 81 37 27 74 45 76 33 41 43 28 85 57 69 26 76 44 81 29 
31 84 35 80 51 34 31 91 75 31 96 59 41 41 65 26 89 46 55 42 45 56 80 47 59 33 15 27 47 67 49 61 86 64 19 84 20 82 0 30 67 25 89 87 38 50 35 62 67 88 17 18 84 39 53 85 53 60 77 43 59 5 67 91 40 82 18 86 11 13 95 37 70 70 59 5 69 45 45 59 74 17 34 79 61 18 72 35 103 42 88 98 22 85 51 79 5 46 25 71 
55 81 38 82 72 53 58 78 71 61 82 51 69 32 91 12 78 23 42 60 38 44 78 77 86 63 41 51 45 79 31 46 84 60 25 91 13 88 30 0 80 45 89 90 10 73 37 85 55 81 33 26 94 21 40 96 74 88 95 22 88 26 90 80 26 77 12 85 19 19 107 67 61 82 81 36 53 75 76 84 75 21 64 72 61 47 93 14 115 57 78 111 8 70 79 75 33 44 8 67 
38 43 42 31 21 32 45 70 43 60 75 50 44 54 41 68 64 73 59 24 50 56 39 64 46 54 52 41 42 4 67 64 42 41 56 23 67 24 67 80 0 41 39 34 78 25 44 28 59 55 51 55 19 67 59 18 21 45 18 71 52 71 27 67 60 49 74 40 69 66 28 63 52 4 26 66 67 65 66 33 30 82 59 52 32 55 23 71 36 24 60 31 76 71 45 42 61 43 73 41 
10 64 20 58 27 9 17 78 57 29 83 46 26 34 46 34 74 49 48 17 35 47 59 42 43 26 11 7 33 41 47 54 65 47 20 59 31 58 25 45 41 0 67 65 47 27 22 39 56 71 12 19 59 41 46 60 29 44 52 46 45 30 44 77 37 65 35 64 30 27 70 35 56 44 36 25 61 41 42 39 52 41 30 63 41 16 48 42 77 17 72 72 38 74 36 60 19 32 37 53 
69 10 54 9 58 61 78 39 19 93 43 40 81 57 80 77 33 72 51 55 50 48 12 101 86 88 78 71 44 35 63 52 7 29 72 18 80 16 89 89 39 67 0 6 82 63 55 68 42 22 72 72 28 69 52 33 60 85 53 71 92 91 66 35 63 19 88 5 86 82 38 98 33 36 65 91 50 101 102 73 15 100 93 25 28 83 61 76 46 51 29 42 88 44 83 15 84 45 83 22 
65 15 54 8 54 58 74 45 23 90 49 42 76 58 75 78 39 74 54 52 52 50 15 97 80 84 76 68 45 30 65 55 13 31 71 12 80 10 87 90 34 65 6 0 83 59 54 62 46 28 70 71 21 71 55 26 55 79 47 73 87 90 60 41 64 24 88 10 86 82 32 94 37 30 60 89 54 97 98 68 14 99 89 30 28 81 55 77 40 48 35 36 88 50 79 19 82 46 83 25 
57 73 35 75 72 54 62 68 63 67 72 43 73 25 93 13 68 13 32 60 31 35 70 83 90 68 45 54 39 76 21 36 76 53 27 85 17 82 38 10 78 47 82 83 0 73 34 86 45 72 36 28 89 12 31 92 75 91 93 12 92 34 90 70 19 68 20 77 26 24 103 74 52 79 82 43 43 82 82 86 69 32 70 63 55 52 92 6 112 56 68 107 16 60 83 68 38 38 12 59 
19 64 41 54 5 19 22 87 61 35 93 60 19 56 21 61 82 74 66 15 54 64 60 39 23 29 35 23 48 28 70 72 65 55 47 49 59 49 50 73 25 27 63 59 73 0 43 12 70 75 39 46 44 66 65 43 4 23 27 71 29 56 17 85 61 69 63 63 57 55 51 38 67 29 8 48 77 39 40 13 51 68 34 70 46 35 21 68 56 20 79 52 66 86 20 62 45 48 65 59 
30 49 2 46 40 24 39 57 40 50 62 25 48 13 64 24 54 31 26 28 13 24 45 65 63 48 28 29 12 42 27 32 51 29 17 53 25 51 35 37 44 22 55 54 34 43 0 55 34 53 19 17 56 24 24 59 43 63 60 28 66 37 58 57 18 47 33 51 31 27 70 57 36 45 51 38 39 64 64 56 40 45 52 44 26 36 59 27 78 23 53 73 34 52 56 44 31 11 30 36 
30 70 53 60 15 32 31 95 69 42 101 70 24 68 12 74 90 86 77 27 66 75 67 41 18 36 46 34 59 32 82 83 70 64 60 51 71 52 62 85 28 39 68 62 86 12 55 0 80 82 52 59 44 78 76 42 12 17 22 83 25 67 5 93 73 76 75 68 69 67 48 43 76 32 4 59 88 42 43 6 58 79 40 78 55 45 12 80 52 32 87 49 78 95 20 70 56 59 77 67 
64 32 36 39 66 56 73 23 23 85 28 10 81 26 92 46 23 33 13 56 21 11 30 99 93 82 63 63 23 55 24 10 35 18 48 53 50 50 67 55 59 56 42 46 45 70 34 80 0 27 53 48 61 34 15 65 69 93 77 33 98 67 82 25 29 25 58 37 60 56 74 91 9 58 77 71 8 98 99 83 34 72 86 18 27 71 81 41 83 50 23 78 57 18 88 27 64 24 51 21 
75 13 53 25 70 67 85 17 14 99 21 30 90 50 95 71 11 60 39 64 44 36 15 110 99 95 80 76 40 51 51 37 15 24 69 39 75 36 88 81 55 71 22 28 72 75 53 82 27 0 72 69 48 60 41 53 72 98 71 60 104 89 82 13 54 6 83 18 83 79 60 105 19 52 79 91 33 110 111 87 24 96 100 9 30 87 78 67 68 58 7 64 82 23 95 12 84 41 76 17 
21 67 18 63 39 20 26 76 58 34 81 44 37 28 58 23 73 40 43 28 31 42 63 49 54 33 10 18 31 51 39 49 69 48 9 67 19 65 17 33 51 12 72 70 36 39 19 52 53 72 0 8 67 31 41 69 41 55 63 37 56 20 56 76 29 66 23 69 18 15 79 40 55 54 48 19 56 48 48 50 57 31 36 63 44 18 60 31 87 27 72 82 26 71 47 62 12 31 25 54 
29 66 17 63 45 27 34 72 57 41 77 40 45 22 65 15 70 32 37 34 26 37 62 57 62 41 18 26 29 54 32 43 68 46 1 69 12 67 18 26 55 19 72 71 28 46 17 59 48 69 8 0 71 24 35 73 48 63 69 29 64 20 63 72 22 64 18 68 14 11 83 48 51 58 55 22 51 55 56 58 57 28 43 61 43 25 66 23 91 31 69 86 20 66 55 61 15 28 18 53 
56 35 55 24 40 50 64 65 40 79 69 54 63 64 56 81 59 83 65 42 59 62 34 83 63 73 70 60 51 17 75 68 33 43 71 9 82 12 84 94 19 59 28 21 89 44 56 44 61 48 67 71 0 78 65 5 40 62 26 81 70 88 41 61 71 44 89 31 85 82 13 82 52 15 43 84 69 84 85 50 27 98 78 49 36 73 35 83 22 41 55 17 90 69 63 38 78 52 86 40 
51 61 25 63 63 47 57 57 51 65 61 30 68 13 87 13 57 8 21 51 19 23 58 81 84 65 42 48 26 65 10 25 63 40 23 73 19 70 39 21 67 41 69 71 12 66 24 78 34 60 31 24 78 0 19 81 66 85 83 5 87 37 82 59 7 56 26 65 29 26 91 72 40 68 74 44 32 80 80 79 56 39 68 51 43 50 83 7 100 47 57 95 23 49 77 55 38 26 17 47 
55 43 25 47 61 48 63 38 33 74 43 12 72 12 87 31 38 19 2 50 10 4 40 89 86 72 51 53 17 55 10 8 46 24 34 59 36 56 53 40 59 46 52 55 31 65 24 76 15 41 41 35 65 19 0 69 64 86 76 19 90 53 79 40 14 37 43 48 45 41 79 81 21 59 72 57 15 88 88 78 41 57 76 32 29 59 79 26 88 44 38 83 42 31 80 37 51 17 36 30 
56 40 58 29 39 51 63 70 45 78 74 58 62 68 53 84 64 86 69 43 62 66 39 81 61 72 70 60 54 18 79 73 39 47 73 14 84 17 85 96 18 60 33 26 92 43 59 42 65 53 69 73 5 81 69 0 39 59 22 84 67 89 38 66 74 49 91 36 87 84 10 81 57 15 41 85 73 82 83 48 32 100 77 54 40 73 32 86 19 42 60 14 93 74 61 43 79 55 89 45 
21 61 41 51 3 21 26 85 59 39 90 59 23 56 23 62 80 74 65 15 54 63 58 42 26 33 38 26 47 25 70 71 61 53 49 45 60 45 53 74 21 29 60 55 75 4 43 12 69 72 41 48 40 66 64 39 0 25 24 71 32 58 15 83 61 66 65 60 59 57 47 42 65 25 8 51 76 43 44 14 48 70 38 68 44 38 18 69 52 20 77 49 68 84 23 60 48 47 66 56 
34 87 61 76 27 38 29 110 84 34 116 83 18 76 7 78 105 93 88 37 76 86 83 26 2 28 47 37 70 49 90 94 87 78 64 68 74 69 60 88 45 44 85 79 91 23 63 17 93 98 55 63 62 85 86 59 25 0 38 90 8 66 21 108 80 92 76 85 70 69 65 32 90 49 19 56 99 28 29 11 74 78 31 93 69 42 28 86 68 42 102 65 80 109 8 85 56 70 80 82 
45 58 58 46 25 43 50 86 60 62 92 68 45 71 32 83 81 90 77 35 67 74 56 63 40 56 61 50 60 22 84 82 57 59 70 34 81 36 77 95 18 52 53 47 93 27 60 22 77 71 63 69 26 83 76 22 24 38 0 88 46 82 17 83 77 66 87 55 82 79 26 64 70 19 22 75 85 64 65 28 47 94 61 69 50 62 10 87 30 37 77 27 90 88 42 59 71 60 87 59 
56 62 30 65 68 52 62 56 52 70 60 31 73 17 92 17 56 3 20 56 22 23 59 86 89 70 47 53 30 68 9 24 65 42 28 76 23 73 43 22 71 46 71 73 12 71 28 83 33 60 37 29 81 5 19 84 71 90 88 0 92 41 86 58 10 57 29 66 33 30 95 77 41 72 79 49 31 85 85 84 58 42 73 51 45 55 88 8 104 51 56 99 26 48 82 56 43 29 20 48 
36 93 64 83 33 42 30 116 90 30 121 87 19 79 15 79 111 95 92 41 79 90 89 20 6 26 47 38 75 56 93 98 93 84 65 76 75 77 59 88 52 45 92 87 92 29 66 25 98 104 56 64 70 87 90 67 32 8 46 92 0 64 29 114 83 98 76 92 69 69 73 27 95 56 26 55 104 22 23 19 80 76 27 99 75 41 36 87 76 47 108 73 80 114 9 91 55 74 81 87 
36 86 37 83 56 39 36 91 77 36 96 60 47 41 70 24 89 44 55 47 46 56 82 52 64 38 20 32 49 71 48 61 88 66 20 87 18 85 5 26 71 30 91 90 34 56 37 67 67 89 20 20 88 37 53 89 58 66 82 41 64 0 72 92 39 84 14 88 8 11 99 42 71 74 64 10 68 50 50 65 76 12 39 80 63 23 77 33 107 47 88 102 18 85 57 81 10 48 22 73 
36 70 56 58 18 36 37 96 69 48 101 72 30 71 15 78 90 89 80 30 69 77 66 46 23 42 52 40 62 31 85 85 69 65 64 49 76 50 67 90 27 44 66 60 90 17 58 5 82 82 56 63 41 82 79 38 15 21 17 86 29 72 0 93 76 76 80 67 74 72 43 48 77 30 8 65 89 47 48 11 57 85 46 78 56 50 7 84 47 35 87 44 83 96 25 69 62 62 82 67 
83 26 58 37 80 75 92 4 24 106 8 31 99 51 105 71 2 57 38 72 45 36 27 118 108 102 85 83 44 62 49 34 28 30 72 52 75 49 91 80 67 77 35 41 70 85 57 93 25 13 76 72 61 59 40 66 83 108 83 58 114 92 93 0 54 17 83 31 84 81 73 112 21 64 90 95 27 118 118 97 36 97 107 15 38 93 90 66 81 67 6 77 82 12 104 24 88 45 76 26 
47 54 20 56 58 42 54 52 44 63 57 24 64 6 82 17 52 13 16 46 12 18 51 79 80 62 40 45 19 58 10 21 57 34 21 66 21 63 40 26 60 37 63 64 19 61 18 73 29 54 29 22 71 7 14 74 61 80 77 10 83 39 76 54 0 50 29 58 31 27 84 70 35 61 69 44 29 77 78 74 49 42 65 45 36 48 77 13 93 41 52 88 28 46 73 49 38 19 22 40 
69 9 47 20 64 61 78 21 8 93 25 25 84 45 89 66 15 57 36 57 39 33 10 104 92 89 74 70 35 45 48 35 11 18 64 35 70 32 82 77 49 65 19 24 68 69 47 76 25 6 66 64 44 56 37 49 66 92 66 57 98 84 76 17 50 0 78 14 78 74 56 98 16 47 73 85 31 104 104 81 18 91 94 6 24 81 72 63 64 52 11 60 77 25 89 6 78 36 71 11 
44 81 34 80 62 44 47 82 71 49 87 53 58 33 80 12 81 31 45 52 39 47 77 65 75 51 29 40 43 73 36 50 83 60 17 87 8 84 18 12 74 35 88 88 20 63 33 75 58 83 23 18 89 26 43 91 65 76 87 29 76 14 80 83 29 78 0 84 7 8 102 55 64 76 72 23 58 63 63 74 73 13 52 74 59 35 84 20 110 50 81 105 4 75 68 75 21 42 8 67 
67 5 51 8 58 59 76 35 14 91 39 35 80 52 81 73 29 67 47 54 46 43 7 100 86 86 75 69 40 36 58 47 3 24 68 21 76 18 86 85 40 64 5 10 77 63 51 68 37 18 69 68 31 65 48 36 60 85 55 66 92 88 67 31 58 14 84 0 83 79 42 96 28 37 65 88 45 100 101 73 12 96 91 20 25 81 63 72 50 49 25 46 84 40 83 10 81 41 79 18 
38 80 32 78 57 39 40 83 71 42 88 53 51 33 74 15 82 36 47 46 39 48 76 58 68 44 23 34 43 69 39 53 82 60 14 84 10 82 11 19 69 30 86 86 26 57 31 69 60 83 18 14 85 29 45 87 59 70 82 33 69 8 74 84 31 78 7 83 0 4 97 48 64 72 65 17 60 56 56 67 71 13 45 74 58 28 78 24 105 45 81 101 11 77 61 75 14 42 13 67 
36 76 28 74 54 36 39 80 67 42 85 49 50 29 72 12 78 33 44 44 35 44 72 59 67 44 22 32 39 65 36 49 78 56 10 80 7 78 13 19 66 27 82 82 24 55 27 67 56 79 15 11 82 26 41 84 57 69 79 30 69 11 72 81 27 74 8 79 4 0 94 49 60 69 63 18 57 57 57 66 67 17 45 70 54 28 76 22 102 42 77 97 11 73 60 71 14 38 12 63 
66 47 68 36 47 61 72 77 52 86 81 68 70 78 58 94 71 97 79 53 73 76 46 89 67 80 81 70 65 28 89 82 45 57 84 21 95 24 95 107 28 70 38 32 103 51 70 48 74 60 79 83 13 91 79 10 47 65 26 95 73 99 43 73 84 56 102 42 97 94 0 89 66 25 48 95 82 90 91 54 40 110 85 61 50 83 37 97 8 52 67 4 103 81 68 50 89 65 99 53 
29 96 55 88 42 37 20 113 90 6 118 82 19 68 38 61 109 80 83 42 70 82 92 10 29 9 30 28 68 65 80 89 97 82 49 86 56 85 37 67 63 35 98 94 74 38 57 43 91 105 40 48 82 72 81 81 42 32 64 77 27 42 48 112 70 98 55 96 48 49 89 0 91 67 41 32 96 8 8 37 84 52 5 98 74 22 55 70 94 47 107 90 59 109 24 93 35 67 61 87 
62 23 37 30 62 55 72 21 13 85 27 11 79 31 88 52 18 41 20 53 25 17 21 98 90 82 64 63 23 48 32 19 26 11 51 44 56 41 70 61 52 56 33 37 52 67 36 76 9 19 55 51 52 40 21 57 65 90 70 41 95 71 77 21 35 16 64 28 64 60 66 91 0 51 72 74 17 97 98 80 25 77 86 10 21 72 75 47 75 47 17 70 63 19 85 17 67 24 57 12 
41 39 44 28 25 36 49 67 40 64 72 49 48 55 44 70 62 74 59 28 51 56 37 68 50 58 55 45 43 3 67 63 39 40 58 19 70 20 70 82 4 44 36 30 79 29 45 32 58 52 54 58 15 68 59 15 25 49 19 72 56 74 30 64 61 47 76 37 72 69 25 67 51 0 30 70 66 69 70 37 28 85 63 50 31 58 26 73 33 27 58 28 78 69 49 40 64 43 74 39 
27 67 49 57 11 28 29 92 66 40 97 67 23 64 15 70 87 82 73 23 62 71 64 41 20 34 43 31 55 30 78 79 67 61 56 49 67 50 59 81 26 36 65 60 82 8 51 4 77 79 48 55 43 74 72 41 8 19 22 79 26 64 8 90 69 73 72 65 65 63 48 41 72 30 0 56 84 42 43 7 55 76 38 75 51 42 13 76 52 28 84 49 75 92 20 66 53 55 73 63 
30 86 37 82 50 34 28 94 78 26 100 63 38 45 61 31 92 52 60 42 49 60 82 42 55 28 14 25 50 67 54 66 88 67 23 84 26 83 5 36 66 25 91 89 43 48 38 59 71 91 19 22 84 44 57 85 51 56 75 49 55 10 65 95 44 85 23 88 17 18 95 32 74 70 56 0 73 40 40 56 76 21 29 82 63 14 70 41 102 43 91 97 27 89 47 81 7 50 30 74 
69 40 40 47 73 62 78 25 30 89 29 17 86 28 99 46 26 30 13 62 25 14 38 104 99 87 67 68 29 63 22 7 42 26 50 61 51 58 69 53 67 61 50 54 43 77 39 88 8 33 56 51 69 32 15 73 76 99 85 31 104 68 89 27 29 31 58 45 60 57 82 96 17 66 84 73 0 103 103 90 42 71 91 25 35 74 88 39 91 57 27 86 56 17 94 34 66 29 50 29 
34 101 62 92 44 42 25 119 95 14 124 88 20 75 35 69 115 88 90 46 77 88 97 2 26 15 37 34 74 68 88 96 101 87 56 88 64 88 45 75 65 41 101 97 82 39 64 42 98 110 48 55 84 80 88 82 43 28 64 85 22 50 47 118 77 104 63 100 56 57 90 8 97 69 42 40 103 0 1 36 88 60 12 103 79 30 54 78 94 51 112 91 67 115 22 98 43 74 69 92 
35 102 63 93 45 43 26 119 96 14 125 89 21 76 36 69 116 88 90 47 78 89 98 2 27 16 38 35 75 69 88 97 102 88 57 89 64 89 45 76 66 42 102 98 82 40 64 43 99 111 48 56 85 80 88 83 44 29 65 85 23 50 48 118 78 104 63 101 56 57 91 8 98 70 43 40 103 1 0 37 89 60 12 104 80 30 55 78 95 52 113 92 67 116 23 99 43 74 70 93 
29 75 54 65 17 32 28 99 73 37 105 73 20 69 8 73 94 87 80 28 68 77 72 35 13 31 44 33 62 37 83 85 75 68 59 57 70 57 59 84 33 39 73 68 86 13 56 6 83 87 50 58 50 79 78 48 14 11 28 84 19 65 11 97 74 81 74 73 67 66 54 37 80 37 7 56 90 36 37 0 62 77 35 82 59 42 18 80 58 33 91 55 77 99 14 74 54 61 76 71 
55 12 39 6 46 47 64 39 13 79 44 28 68 43 70 63 33 60 40 42 37 37 9 88 75 74 63 57 30 26 51 42 13 17 57 19 65 16 74 75 30 52 15 14 69 51 40 58 34 24 57 57 27 56 41 32 48 74 47 58 80 76 57 36 49 18 73 12 71 67 40 84 25 28 55 76 42 88 89 62 0 85 79 22 13 69 54 62 49 37 30 44 74 42 72 12 69 31 68 13 
49 93 45 91 68 50 48 95 84 46 100 66 59 46 82 25 94 44 59 58 52 60 89 62 76 50 32 44 56 82 49 64 96 73 28 97 21 95 17 21 82 41 100 99 32 68 45 79 72 96 31 28 98 39 57 100 70 78 94 42 76 12 85 97 42 91 13 96 13 17 110 52 77 85 76 21 71 60 60 77 85 0 49 87 71 35 89 33 118 58 94 113 15 88 69 88 22 55 21 80 
24 91 50 84 38 32 15 108 85 3 113 77 15 63 37 57 104 76 78 37 65 77 87 13 29 5 25 23 63 61 76 84 92 77 44 81 52 81 34 64 59 30 93 89 70 34 52 40 86 100 36 43 78 68 76 77 38 31 61 73 27 39 46 107 65 94 52 91 45 45 85 5 86 63 38 29 91 12 12 35 79 49 0 93 69 18 52 66 90 42 102 87 56 104 22 88 31 62 58 82 
68 15 45 25 65 60 78 17 9 92 22 21 84 41 90 62 12 51 30 58 35 27 15 104 93 88 72 69 32 48 42 29 17 16 60 40 66 37 79 72 52 63 25 30 63 70 44 78 18 9 63 61 49 51 32 54 68 93 69 51 99 80 78 15 45 6 74 20 74 70 61 98 10 50 75 82 25 103 104 82 22 87 93 0 24 79 75 58 69 52 9 65 73 20 89 11 75 32 67 11 
45 23 26 20 41 37 54 40 16 69 46 18 60 30 67 49 36 47 29 33 24 26 19 80 70 65 51 46 16 28 39 32 25 9 43 30 51 27 61 61 32 41 28 28 55 46 26 55 27 30 44 43 36 43 29 40 44 69 50 45 75 63 56 38 36 24 59 25 58 54 50 74 21 31 51 63 35 79 80 59 13 71 69 24 0 57 54 49 59 28 33 54 60 40 65 18 56 17 55 12 
17 80 35 74 36 23 13 93 73 15 99 61 23 46 47 39 90 58 61 30 49 60 76 31 41 16 7 13 48 56 58 67 82 63 26 75 34 74 18 47 55 16 83 81 52 35 36 45 71 87 18 25 73 50 59 73 38 42 62 55 41 23 50 93 48 81 35 81 28 28 83 22 72 58 42 14 74 30 30 42 69 35 18 79 57 0 56 48 90 33 88 85 39 89 33 76 14 47 40 69 
40 66 57 54 21 39 43 93 66 54 98 71 36 72 21 81 87 91 80 32 69 77 63 53 30 48 56 44 62 27 85 85 65 63 67 43 79 45 72 93 23 48 61 55 92 21 59 12 81 78 60 66 35 83 79 32 18 28 10 88 36 77 7 90 77 72 84 63 78 76 37 55 75 26 13 70 88 54 55 18 54 89 52 75 54 56 0 86 40 36 84 37 86 94 32 66 66 62 84 64 
52 68 29 69 66 48 57 64 57 63 68 37 68 19 88 9 64 11 28 54 25 30 64 80 85 64 41 49 32 69 17 32 70 47 22 79 15 76 35 14 71 42 76 77 6 68 27 80 41 67 31 23 83 7 26 86 69 86 87 8 87 33 84 66 13 63 20 72 24 22 97 70 47 73 76 41 39 78 78 80 62 33 66 58 49 48 86 0 105 50 64 100 17 56 78 62 35 32 11 54 
73 55 77 44 53 68 78 85 61 92 89 76 75 87 61 103 79 105 88 60 82 84 54 93 70 86 88 76 74 36 98 91 53 65 92 30 103 33 103 115 36 77 46 40 112 56 78 52 83 68 87 91 22 100 88 19 52 68 30 104 76 107 47 81 93 64 110 50 105 102 8 94 75 33 52 102 91 94 95 58 49 118 90 69 59 90 40 105 0 60 75 5 111 89 72 58 97 74 108 62 
17 49 21 42 17 10 26 68 44 42 74 40 31 36 42 45 64 54 46 5 34 43 45 51 42 37 28 20 28 24 50 51 50 36 32 42 44 41 42 57 24 17 51 48 56 20 23 32 50 58 27 31 41 47 44 42 20 42 37 51 47 47 35 67 41 52 50 49 45 42 52 47 47 27 28 43 57 51 52 33 37 58 42 52 28 33 36 50 60 0 61 55 52 66 38 46 37 27 49 41 
78 20 53 31 74 70 87 10 18 101 14 28 93 48 99 69 4 56 36 67 42 34 21 113 102 97 81 78 40 56 47 33 22 25 68 46 73 43 88 78 60 72 29 35 68 79 53 87 23 7 72 69 55 57 38 60 77 102 77 56 108 88 87 6 52 11 81 25 81 77 67 107 17 58 84 91 27 112 113 91 30 94 102 9 33 88 84 64 75 61 0 71 80 16 99 18 84 41 74 20 
68 51 72 40 49 63 74 81 57 88 85 72 71 82 59 98 75 100 83 55 77 80 50 90 67 82 83 72 69 32 93 86 49 61 87 25 98 28 98 111 31 72 42 36 107 52 73 49 78 64 82 86 17 95 83 14 49 65 27 99 73 102 44 77 88 60 105 46 101 97 4 90 70 28 49 97 86 91 92 55 44 113 87 65 54 85 37 100 5 55 71 0 107 85 69 54 92 69 103 57 
48 81 35 80 65 47 50 80 71 53 85 52 61 32 84 11 80 28 44 54 38 46 77 69 79 55 33 44 43 75 34 49 83 60 19 88 8 85 22 8 76 38 88 88 16 66 34 78 57 82 26 20 90 23 42 93 68 80 90 26 80 18 83 82 28 77 4 84 11 11 103 59 63 78 75 27 56 67 67 77 74 15 56 73 60 39 86 17 111 52 80 107 0 73 72 75 25 43 6 67 
81 34 54 45 81 73 90 8 29 103 12 27 98 44 107 63 12 47 29 72 39 29 35 116 109 100 81 81 41 66 39 24 37 30 66 60 68 57 85 70 71 74 44 50 60 86 52 95 18 23 71 66 69 49 31 74 84 109 88 48 114 85 96 12 46 25 75 40 77 73 81 109 19 69 92 89 17 115 116 99 42 88 104 20 40 89 94 56 89 66 16 85 73 0 104 31 82 41 67 29 
26 84 55 75 25 32 21 106 81 25 112 78 10 69 14 70 101 85 82 32 70 80 81 21 7 20 38 29 65 48 83 88 85 74 56 69 66 69 51 79 45 36 83 79 83 20 56 20 88 95 47 55 63 77 80 61 23 8 42 82 9 57 25 104 73 89 68 83 61 60 68 24 85 49 20 47 94 22 23 14 72 69 22 89 65 33 32 78 72 38 99 69 72 104 0 82 47 64 72 78 
63 5 44 14 57 55 73 27 4 88 32 25 78 43 82 64 21 57 36 51 37 33 4 98 86 83 70 65 32 38 48 36 8 15 61 29 67 26 79 75 42 60 15 19 68 62 44 70 27 12 62 61 38 55 37 43 60 85 59 56 91 81 69 24 49 6 75 10 75 71 50 93 17 40 66 81 34 98 99 74 12 88 88 11 18 76 66 62 58 46 18 54 75 31 82 0 74 33 70 8 
26 79 30 75 45 28 26 87 70 28 93 56 37 38 60 26 85 46 53 36 42 53 75 44 54 30 10 22 43 61 48 59 81 60 16 78 21 76 5 33 61 19 84 82 38 45 31 56 64 84 12 15 78 38 51 79 48 56 71 43 55 10 62 88 38 78 21 81 14 14 89 35 67 64 53 7 66 43 43 54 69 22 31 75 56 14 66 35 97 37 84 92 25 82 47 74 0 42 26 66 
40 38 12 38 44 32 48 45 29 61 51 14 57 12 70 32 42 31 18 33 7 15 34 75 70 58 40 39 1 39 24 24 40 18 28 47 34 44 46 44 43 32 45 46 38 48 11 59 24 41 31 28 52 26 17 55 47 70 60 29 74 48 62 45 19 36 42 41 42 38 65 67 24 43 55 50 29 74 74 61 31 55 62 32 17 47 62 32 74 27 41 69 43 41 64 33 42 0 37 25 
47 75 31 75 63 45 51 74 65 55 79 46 62 26 83 5 74 23 38 52 32 40 72 71 79 56 34 43 38 71 28 42 78 54 17 83 6 81 25 8 73 37 83 83 12 65 30 77 51 76 25 18 86 17 36 89 66 80 87 20 81 22 82 76 22 71 8 79 13 12 99 61 57 74 73 30 50 69 70 76 68 21 58 67 55 40 84 11 108 49 74 103 6 67 72 70 26 37 0 61 
57 13 36 18 54 49 67 28 4 81 34 17 73 35 79 56 23 49 29 46 29 25 10 93 82 77 62 59 24 37 40 30 16 7 53 32 59 29 71 67 41 53 22 25 59 59 36 67 21 17 54 53 40 47 30 45 56 82 59 48 87 73 67 26 40 11 67 18 67 63 53 87 12 39 63 74 29 92 93 71 13 80 82 11 12 69 64 54 62 41 20 57 67 29 78 8 66 25 61 0 
